EmpID,BiasInfluentialFactor,FitmentPercent
5664,MartialStatus,69.95626490548202
23568,LatestDegreeCGPA,71.28237066229791
21490,DegreeBranch,78.48373829712074
8363,NA,66.00732935126844
6165,CurrentCompanyType,89.52073864848623
17679,MartialStatus,67.68800339192315
9715,DegreeBranch,81.36903623555528
12591,MartialStatus,66.45899857996244
6140,LatestDegreeCGPA,68.89607756493982
21018,MartialStatus,62.1386105857072
13221,MartialStatus,67.91572838678931
23585,CurrentCompanyType,81.80151548516469
22575,DegreeBranch,79.0692916829465
6078,LatestDegreeCGPA,82.59730325536731
24125,CurrentCompanyType,89.5958824913228
18073,MartialStatus,62.31834740303718
21420,MartialStatus,72.52081587510618
13218,LatestDegreeCGPA,83.8011103829368
8728,MartialStatus,64.88787421730571
21541,MartialStatus,61.36948594362795
12905,LatestDegreeCGPA,76.31511643879192
19873,CurrentCompanyType,89.84911979800654
6947,LatestDegreeCGPA,82.23933180852605
19019,MartialStatus,74.83802402217992
24372,MartialStatus,64.5177700328015
5298,CurrentCompanyType,87.30699242474643
18306,MartialStatus,66.67640987846836
22877,MartialStatus,64.50546194526194
15511,DegreeBranch,75.56459444227431
11889,DegreeBranch,80.62674846355358
9848,CurrentCompanyType,74.32182586435775
4944,CurrentCompanyType,88.72628071690671
4689,MartialStatus,62.94003211415487
24333,EmpScore,81.92605659723225
12186,MartialStatus,74.11208732054808
2936,MartialStatus,73.14668298983884
5082,LatestDegreeCGPA,67.2054421037399
22236,DegreeBranch,74.68324740100603
19221,EmpScore,76.64425008142112
20858,MartialStatus,63.29012425006269
16461,MartialStatus,65.63503003588565
22064,MartialStatus,63.22362034968762
3175,DegreeBranch,80.52948326628109
18407,DegreeBranch,81.6323752282616
3684,CurrentCompanyType,76.59924466206405
2198,DegreeBranch,70.17458769822308
7540,CurrentCompanyType,80.1154798647303
12700,DegreeBranch,77.71387623899156
17503,DegreeBranch,80.41637065907501
9153,MartialStatus,66.36572266201341
12564,LatestDegreeCGPA,73.32727935867882
16511,CurrentCompanyType,73.20210171741572
16396,NA,69.96678738184903
6871,EmpScore,75.4042063428961
9376,LatestDegreeCGPA,77.83025696629134
7865,DegreeBranch,80.1420627882427
20616,LatestDegreeCGPA,67.75443789503065
8839,NA,71.7171219795957
15788,DegreeBranch,81.89600447832235
10040,DegreeBranch,75.05655630254284
6147,MartialStatus,67.97842588036545
24148,LatestDegreeCGPA,77.53285421610636
4187,MartialStatus,63.48282769748289
18097,MartialStatus,70.88206052940497
11617,DegreeBranch,78.7817914182242
3642,CurrentCompanyType,85.5038298299238
17990,MartialStatus,74.2703389163308
10677,MartialStatus,70.03685658638965
2215,MartialStatus,70.87945273100586
9784,LatestDegreeCGPA,72.88090051978799
13451,LatestDegreeCGPA,84.39435038849335
16266,DegreeBranch,78.20385122272296
19313,LatestDegreeCGPA,79.771623160186
16790,CurrentCompanyType,74.87846702055393
21204,MartialStatus,67.53188902413126
24019,MartialStatus,64.96319260492149
14539,CurrentCompanyType,80.4080492029743
3123,MartialStatus,70.12328975338335
9647,EmpScore,76.9245676897882
18930,LatestDegreeCGPA,76.59940590977756
23676,DegreeBranch,75.99984252101366
16808,MartialStatus,69.67788371158738
23101,CurrentCompanyType,86.02350969998452
3010,MartialStatus,59.454256783944516
4544,MartialStatus,69.90622558204215
22861,MartialStatus,68.36180572611664
10897,NA,69.78318984235241
13475,NA,65.88303695942805
23461,DegreeBranch,75.21605966368665
19877,CurrentCompanyType,78.80206166192
10949,MartialStatus,61.12932938398141
13759,CurrentCompanyType,90.55017610388535
9443,CurrentCompanyType,88.26351478570324
5606,DegreeBranch,81.6072179378098
21658,CurrentCompanyType,89.01432315648297
9731,MartialStatus,65.7120930402433
16330,MartialStatus,70.37805845495414
18456,DegreeBranch,77.53710541038316
22486,CurrentCompanyType,72.22755110474364
4900,CurrentCompanyType,85.31528187054715
12433,CurrentCompanyType,75.06605378842619
10757,DegreeBranch,75.2255491731039
20969,MartialStatus,70.42771493969771
4565,MartialStatus,58.71769163797918
16117,DegreeBranch,79.54292646804743
22266,CurrentCompanyType,85.63403215521825
23691,DegreeBranch,74.41691046278683
14468,CurrentCompanyType,90.7660380891521
9433,MartialStatus,73.94437338771891
2730,MartialStatus,74.96229981589684
13205,LatestDegreeCGPA,79.21078346924688
5829,MartialStatus,69.8114572718218
2418,CurrentCompanyType,75.22878992275793
2634,DegreeBranch,81.5187771724083
2693,LatestDegreeCGPA,78.06025732911826
22436,CurrentCompanyType,78.36362918330848
8840,CurrentCompanyType,79.10778611750837
4130,LatestDegreeCGPA,69.51706951412869
13577,LatestDegreeCGPA,73.53862234430193
16463,LatestDegreeCGPA,77.71610311287182
15922,DegreeBranch,76.97290181057707
16368,MartialStatus,72.55807061570394
18819,DegreeBranch,78.9520133583012
14057,DegreeBranch,79.9082151758326
12793,DegreeBranch,83.55259515913178
12592,LatestDegreeCGPA,84.42338977410671
18919,CurrentCompanyType,93.2345537281257
20836,DegreeBranch,79.26897160067793
16849,DegreeBranch,74.62818284858966
17458,CurrentCompanyType,85.22725753302765
3924,LatestDegreeCGPA,83.76246856366639
9026,DegreeBranch,79.55545075922163
6304,LatestDegreeCGPA,79.98625383203307
12307,LatestDegreeCGPA,75.44356501103658
17526,MartialStatus,65.05973347496439
11500,MartialStatus,58.81238924844547
11333,DegreeBranch,77.07070854147025
12156,MartialStatus,70.38209086394448
11591,LatestDegreeCGPA,84.1536758674032
16930,MartialStatus,66.12539711825777
18677,MartialStatus,74.39934681516809
14424,DegreeBranch,79.88405191866455
24095,MartialStatus,68.58609046465774
21803,DegreeBranch,74.30029424998673
24365,MartialStatus,66.3100190604235
21897,DegreeBranch,79.08491588047146
12218,MartialStatus,66.97473167133982
6426,MartialStatus,77.22407629783687
18233,CurrentCompanyType,79.6835399076744
16313,CurrentCompanyType,88.41685327486158
19552,LatestDegreeCGPA,78.45568716976716
3394,MartialStatus,57.55670297482285
21300,LatestDegreeCGPA,79.53524329775519
19989,DegreeBranch,82.53617141713318
18968,CurrentCompanyType,84.01895367012258
17609,CurrentCompanyType,83.41191782088492
6393,LatestDegreeCGPA,68.35752280038506
18566,MartialStatus,63.57804484117039
18652,CurrentCompanyType,86.60039795734492
6284,DegreeBranch,77.52809474754751
10974,CurrentCompanyType,89.37348090016596
9330,DegreeBranch,75.02382532369819
20382,DegreeBranch,79.16480442488226
14652,MartialStatus,68.48150990449241
15787,CurrentCompanyType,87.55448594514746
19436,MartialStatus,67.94120550557012
7393,DegreeBranch,74.97214363377788
9058,DegreeBranch,77.67830875999921
11633,MartialStatus,59.66455086442863
13719,DegreeBranch,86.82824713077085
11529,LatestDegreeCGPA,77.1358389061371
10025,DegreeBranch,73.38991721846557
14861,LatestDegreeCGPA,78.22550798384147
9580,CurrentCompanyType,83.36240476395943
14427,MartialStatus,67.33453941107152
20740,EmpScore,78.67121973730629
18768,DegreeBranch,76.4592910194792
20259,LatestDegreeCGPA,83.04408005750217
18190,MartialStatus,68.81341083532425
11050,MartialStatus,69.19757245334635
21005,CurrentCompanyType,90.78556570896676
17701,MartialStatus,72.72973815585674
10792,LatestDegreeCGPA,80.91162964050892
2785,MartialStatus,68.39074271661474
15529,EmpScore,82.15746159298929
21480,LatestDegreeCGPA,75.71885807337347
6154,MartialStatus,71.40316130040542
5826,EmpScore,77.70463099248653
11819,DegreeBranch,82.03653048529422
21236,DegreeBranch,78.65162984823706
8350,MartialStatus,65.27572950380043
15823,CurrentCompanyType,89.12868052504734
9144,CurrentCompanyType,80.6048239184935
13558,LatestDegreeCGPA,78.01998959064247
16434,CurrentCompanyType,79.06081323976142
21895,MartialStatus,63.99596435703312
22161,MartialStatus,63.99355495491207
12676,MartialStatus,63.52170476040519
8441,MartialStatus,60.057607102686596
19130,MartialStatus,67.67613191884965
23954,MartialStatus,69.04390043334493
23367,CurrentCompanyType,90.96477467983975
20027,CurrentCompanyType,76.58307634615895
3999,MartialStatus,64.70295203832958
22447,LatestDegreeCGPA,73.31496836303788
11876,MartialStatus,65.04198406814155
15118,MartialStatus,65.02229792275823
11302,LatestDegreeCGPA,72.50447591128639
13884,CurrentCompanyType,75.01618264070925
22852,CurrentCompanyType,79.39751020591012
3287,DegreeBranch,82.02285601317907
5784,LatestDegreeCGPA,77.42326310914493
24277,DegreeBranch,79.40861086683509
13926,CurrentCompanyType,82.7331592443162
2852,DegreeBranch,72.66900289847632
5124,MartialStatus,66.49738783395821
22611,MartialStatus,67.3224270001158
14877,DegreeBranch,81.1889613691573
20937,DegreeBranch,75.87998245553764
16154,CurrentCompanyType,90.2416378029221
20388,MartialStatus,75.13527042667985
22392,DegreeBranch,82.7012144784514
4555,MartialStatus,69.46951609277565
17815,MartialStatus,65.45200433049199
20186,MartialStatus,71.40746422904584
23435,CurrentCompanyType,88.53797812482556
16770,DegreeBranch,79.28547321439946
8341,MartialStatus,68.9498173320511
13552,DegreeBranch,80.51457166682454
3915,DegreeBranch,79.24816067566488
23201,DegreeBranch,81.31415698967001
7425,DegreeBranch,83.98113465259185
4966,CurrentCompanyType,71.92913694896485
2772,DegreeBranch,81.1161225361551
22279,DegreeBranch,78.39794221110039
15389,MartialStatus,58.29593603886726
10680,MartialStatus,68.95784018494763
7030,DegreeBranch,80.85207227509035
10250,MartialStatus,65.38334661821024
19636,MartialStatus,70.68643332404763
15436,LatestDegreeCGPA,80.6357076385213
8730,DegreeBranch,82.94294897930354
21298,DegreeBranch,78.72755655001765
8517,MartialStatus,63.736988883949294
10527,MartialStatus,65.98462512305062
21230,CurrentCompanyType,77.20155458941503
18809,MartialStatus,68.78327215136055
3934,MartialStatus,68.40604466189578
10115,LatestDegreeCGPA,77.3955793182631
19773,MartialStatus,74.69604327068046
16014,LatestDegreeCGPA,83.34062156887825
7312,DegreeBranch,82.28066614343572
14091,CurrentCompanyType,80.68982630568118
8717,MartialStatus,58.231543888254116
8953,DegreeBranch,74.93016910959177
17773,MartialStatus,70.2155923939374
2872,DegreeBranch,81.63482839106265
21162,CurrentCompanyType,79.34286675074789
15809,MartialStatus,65.37895495886832
11754,CurrentCompanyType,83.12449195445654
9338,NA,71.83504780783295
11212,LatestDegreeCGPA,84.24172611415193
5007,NA,69.34358720766356
5601,MartialStatus,65.49464852785016
17520,DegreeBranch,81.67603498180199
20883,MartialStatus,61.06140310123807
3944,LatestDegreeCGPA,74.01701944044873
6887,MartialStatus,71.17677291929797
20677,MartialStatus,69.97383323615998
20521,CurrentCompanyType,85.61246537211557
12514,CurrentCompanyType,87.8518737592572
23706,CurrentCompanyType,87.62362549043203
13513,MartialStatus,73.55242580870966
18729,CurrentCompanyType,86.87654540628381
22103,CurrentCompanyType,84.76581552035701
15153,DegreeBranch,81.25293240506795
10525,CurrentCompanyType,90.3155568597112
8397,MartialStatus,70.8678308297571
11678,MartialStatus,55.127838935092285
8262,CurrentCompanyType,89.77148706979591
17024,MartialStatus,62.88301199248432
11735,CurrentCompanyType,84.93071272320633
8527,CurrentCompanyType,80.2676695668042
9452,LatestDegreeCGPA,64.38377841969636
23975,DegreeBranch,83.1893422704635
15880,DegreeBranch,72.33333968965245
9497,DegreeBranch,81.47320114939467
22405,DegreeBranch,75.29512718077413
17448,EmpScore,67.00359940864018
19791,DegreeBranch,79.41732363288469
4062,MartialStatus,66.32934057745456
8915,MartialStatus,74.41776667261936
14298,EmpScore,79.44594978489036
12434,CurrentCompanyType,85.17526171591507
12028,EmpScore,74.12145051290253
17305,DegreeBranch,79.82803168105409
9426,MartialStatus,71.58121496888822
10131,CurrentCompanyType,85.88528301965403
9652,CurrentCompanyType,90.90500830429106
14477,CurrentCompanyType,77.23677257916913
2091,CurrentCompanyType,83.22475408293049
3821,DegreeBranch,75.66846262787254
12396,MartialStatus,62.48347845494826
14241,MartialStatus,68.9262096063657
23742,MartialStatus,71.4693329022236
19466,MartialStatus,62.19813412100545
5883,DegreeBranch,70.72332834687248
24132,LatestDegreeCGPA,71.75302979043977
16250,DegreeBranch,78.52338532035388
16401,LatestDegreeCGPA,68.51200125415838
4824,LatestDegreeCGPA,77.8273439913645
10957,LatestDegreeCGPA,82.69904380769515
11750,DegreeBranch,84.0422275147735
13935,DegreeBranch,70.41714348984075
16029,CurrentCompanyType,87.81125325280624
9295,LatestDegreeCGPA,79.28716721764647
21345,MartialStatus,66.63242171534442
22123,CurrentCompanyType,87.0585057713899
19872,CurrentCompanyType,86.97854972016943
17118,EmpScore,74.5799948584013
17121,DegreeBranch,79.62394824581301
6966,MartialStatus,71.76004169566113
24062,LatestDegreeCGPA,79.50560217835442
9238,EmpScore,70.02075679102398
6590,LatestDegreeCGPA,80.46220817802141
4352,MartialStatus,62.430979965238585
8562,MartialStatus,69.80554235126226
9557,LatestDegreeCGPA,89.2457484251948
7737,LatestDegreeCGPA,84.7668534984604
11090,MartialStatus,71.06004102727341
2898,DegreeBranch,72.62333112303472
12094,LatestDegreeCGPA,79.76780071389481
10557,CurrentCompanyType,82.40058498792739
19360,CurrentCompanyType,84.0186057042358
12173,MartialStatus,68.74006861105404
18496,DegreeBranch,83.7991897843976
4044,MartialStatus,67.35718564388917
8828,CurrentCompanyType,93.13802790482266
5822,DegreeBranch,72.31425706721889
4800,MartialStatus,66.02803200558333
19690,DegreeBranch,78.58711080161811
13470,NA,70.78786088004902
17247,DegreeBranch,78.45760437911862
19126,LatestDegreeCGPA,82.67718010886661
17279,CurrentCompanyType,79.71810033272644
11804,CurrentCompanyType,88.23084786586749
15672,LatestDegreeCGPA,83.54475646474732
6921,LatestDegreeCGPA,76.67342990637762
16364,LatestDegreeCGPA,84.70926726595194
3186,MartialStatus,60.51815684373133
20973,MartialStatus,57.41921480911158
24245,DegreeBranch,77.89533448317763
23278,MartialStatus,66.35042198144185
13294,DegreeBranch,84.44502096362487
4768,CurrentCompanyType,93.28000795473038
22217,DegreeBranch,81.05795286122297
12584,MartialStatus,74.52750845776536
8578,CurrentCompanyType,77.39095485429866
10623,DegreeBranch,81.66614371538773
7326,MartialStatus,63.313457492095175
14092,DegreeBranch,79.04124529213563
14482,MartialStatus,58.55453075513486
22022,DegreeBranch,77.98939319843682
23284,DegreeBranch,81.20077174570694
23999,LatestDegreeCGPA,67.75850172862845
10655,DegreeBranch,74.53037604934214
24045,DegreeBranch,82.5085591620224
4986,CurrentCompanyType,85.95328797582789
22449,LatestDegreeCGPA,85.4459428399534
10719,DegreeBranch,79.18030712277229
14917,CurrentCompanyType,81.401626765273
18926,LatestDegreeCGPA,74.3523369609658
5227,DegreeBranch,76.63470064676203
22606,MartialStatus,68.38903183090875
5037,DegreeBranch,69.43604671850586
13962,CurrentCompanyType,90.09222711040616
7418,CurrentCompanyType,79.88559961601933
12572,DegreeBranch,85.72540317223805
10207,MartialStatus,75.8250913035984
20347,DegreeBranch,74.92867662031783
12982,NA,72.99066931949346
7210,MartialStatus,61.617766458937986
19779,MartialStatus,71.8226170452733
16265,LatestDegreeCGPA,73.23575760828592
23858,LatestDegreeCGPA,78.23360760690468
19926,LatestDegreeCGPA,90.34812910419099
9915,DegreeBranch,80.47294649132044
14873,MartialStatus,72.02694320103555
23033,MartialStatus,70.64278881832934
20379,MartialStatus,62.53036835325671
23862,CurrentCompanyType,89.08130806415534
3961,DegreeBranch,75.81269798702621
20156,DegreeBranch,76.16503908781661
2845,MartialStatus,64.4121724367092
21319,CurrentCompanyType,83.4077636146998
23319,DegreeBranch,81.98948211508994
11447,CurrentCompanyType,87.6109316176327
23088,CurrentCompanyType,74.04033325474919
13532,DegreeBranch,76.97939803145536
22777,CurrentCompanyType,84.65154273231093
3951,MartialStatus,70.6779328625951
19597,LatestDegreeCGPA,75.59932544269603
21097,EmpScore,74.2098497015882
7022,MartialStatus,67.44073530199738
4812,MartialStatus,65.77237848898123
13103,LatestDegreeCGPA,82.80350682175374
17395,DegreeBranch,85.25446367688167
2363,DegreeBranch,77.00313299688929
6311,DegreeBranch,81.47569316733197
16964,DegreeBranch,80.49659762498678
10553,CurrentCompanyType,82.98125510559595
19740,DegreeBranch,74.02973023324614
5133,MartialStatus,68.6640004543344
22171,LatestDegreeCGPA,79.6254854572939
20617,DegreeBranch,78.53719422925094
6662,CurrentCompanyType,87.32629435382727
23903,CurrentCompanyType,88.94776896166927
18027,MartialStatus,65.361392639139
10298,MartialStatus,70.31389899623024
21972,MartialStatus,59.564064890428476
11690,CurrentCompanyType,90.44020910005219
16309,LatestDegreeCGPA,82.02831879422475
20202,DegreeBranch,79.53222921582602
22074,NA,69.94489948909501
6309,DegreeBranch,78.30619367287468
13662,MartialStatus,53.151035031746105
4078,LatestDegreeCGPA,83.3902383754758
15188,MartialStatus,67.64744808707806
15476,MartialStatus,60.79621835703834
8200,MartialStatus,65.77285324103833
19412,DegreeBranch,71.70164232620905
14712,EmpScore,77.20465151866321
3415,DegreeBranch,76.81248247595128
5453,DegreeBranch,76.79250663947846
15238,CurrentCompanyType,83.0511468411395
19323,EmpScore,84.24780969509195
23188,DegreeBranch,78.38254579571324
6591,DegreeBranch,82.26403795822381
12101,MartialStatus,72.29423740761263
17146,CurrentCompanyType,92.39159426684019
9146,MartialStatus,62.84389540765795
22775,DegreeBranch,74.98909388797274
13751,DegreeBranch,83.03315112775226
11226,CurrentCompanyType,91.72865595737053
3850,CurrentCompanyType,74.78319765269201
14997,MartialStatus,66.3584324232711
22434,MartialStatus,57.23822841238004
5269,CurrentCompanyType,87.99769190326832
13380,DegreeBranch,76.91056112768106
22670,EmpScore,73.17307612482291
15129,DegreeBranch,79.24128563534238
6112,MartialStatus,66.55477971568415
19858,DegreeBranch,78.58197963622712
3195,DegreeBranch,74.87754167654577
15081,MartialStatus,63.466983173220115
12625,MartialStatus,69.1808867049774
2394,MartialStatus,65.12504854053948
11722,DegreeBranch,85.6297738082257
10487,MartialStatus,58.539052719396096
6716,MartialStatus,68.5283573604407
21686,CurrentCompanyType,85.62857643249738
23385,CurrentCompanyType,82.18781631230297
20061,MartialStatus,66.06047193105529
13274,MartialStatus,66.80737650985166
6434,DegreeBranch,85.61421895223944
11018,LatestDegreeCGPA,87.34921514032871
7633,MartialStatus,65.64108917764007
3647,DegreeBranch,81.11130728295055
8764,LatestDegreeCGPA,79.50312263520703
5462,DegreeBranch,81.36621782722548
5482,LatestDegreeCGPA,71.99378625856262
10636,DegreeBranch,79.33804572495674
13206,DegreeBranch,80.23037526764865
5099,LatestDegreeCGPA,68.1687609052799
10010,DegreeBranch,79.41163652107244
6082,DegreeBranch,73.38925147563604
13048,DegreeBranch,79.71184806699972
19864,CurrentCompanyType,87.38982671752703
11227,LatestDegreeCGPA,66.60963978689925
4186,DegreeBranch,81.32724573632447
4195,NA,71.86875090470588
15060,CurrentCompanyType,93.95249619141342
11001,LatestDegreeCGPA,76.86289598134854
2340,NA,72.80767864609929
22965,LatestDegreeCGPA,74.97889052266245
5148,LatestDegreeCGPA,74.63585531657904
13601,DegreeBranch,81.25774091999877
9076,DegreeBranch,78.32348993814915
20026,CurrentCompanyType,79.81301537585739
16062,DegreeBranch,73.83619317710975
16983,DegreeBranch,81.46818340636308
4603,MartialStatus,67.68217253968488
23344,CurrentCompanyType,76.21838563420967
8109,MartialStatus,64.18284920386813
14277,LatestDegreeCGPA,83.16979788427516
12639,DegreeBranch,80.46086102247338
24128,CurrentCompanyType,87.92629893630044
15262,LatestDegreeCGPA,72.82688686158075
11037,DegreeBranch,71.30338620603463
8586,MartialStatus,63.55585273792451
18481,NA,73.37683969321422
11232,MartialStatus,65.4482607037222
12038,LatestDegreeCGPA,76.16567435402331
5802,NA,69.52412121543853
8631,LatestDegreeCGPA,69.67124593469653
13476,CurrentCompanyType,87.50816147963594
13947,MartialStatus,68.25152656708596
16601,DegreeBranch,82.39545248494142
6751,MartialStatus,58.16552761707863
16303,DegreeBranch,72.5355031984196
12486,NA,72.52362541018366
19548,CurrentCompanyType,74.73455493682516
6731,CurrentCompanyType,81.80019864068481
5410,LatestDegreeCGPA,81.01705419372179
7365,LatestDegreeCGPA,88.37118059599212
14636,LatestDegreeCGPA,71.06594687545756
15825,LatestDegreeCGPA,68.86969550794947
18432,DegreeBranch,78.18096483958357
8161,LatestDegreeCGPA,75.07988378543976
9168,DegreeBranch,76.8064575238342
5368,DegreeBranch,70.55911372828204
16755,DegreeBranch,85.92065183796075
14554,MartialStatus,70.20119731935625
2859,CurrentCompanyType,89.25074871521736
11652,CurrentCompanyType,85.08792625962026
2715,CurrentCompanyType,87.44214269037263
17972,MartialStatus,53.49591663053412
14439,LatestDegreeCGPA,80.38778051970782
7135,MartialStatus,72.17539439167618
9082,DegreeBranch,84.52531268772466
6327,LatestDegreeCGPA,76.03898947467768
20135,LatestDegreeCGPA,78.2066428862365
9598,CurrentCompanyType,78.56479712760746
9479,LatestDegreeCGPA,69.16252122502767
8531,MartialStatus,69.29202643796793
17576,MartialStatus,68.59419071867364
7868,CurrentCompanyType,74.57989663606604
4704,LatestDegreeCGPA,89.88632408732747
2227,CurrentCompanyType,85.62127554736283
12599,DegreeBranch,75.41955993932702
20120,LatestDegreeCGPA,77.28400806772044
22992,MartialStatus,65.56294602260625
11003,MartialStatus,56.53998142867265
12372,CurrentCompanyType,87.0164259573994
8545,MartialStatus,75.06653877985363
2197,MartialStatus,55.631833061060355
20102,DegreeBranch,78.0764233424903
19447,MartialStatus,73.84743092900749
12226,DegreeBranch,75.31619650692387
22898,CurrentCompanyType,72.9164734492367
21509,DegreeBranch,72.46785479015523
19625,CurrentCompanyType,90.35701764172543
9993,CurrentCompanyType,84.41100666253101
12900,DegreeBranch,77.19780365018872
11775,DegreeBranch,77.54374638408535
21533,LatestDegreeCGPA,76.4244924013048
6712,CurrentCompanyType,76.53145686952537
2667,MartialStatus,76.32529900255945
11924,DegreeBranch,78.77082105980404
12068,CurrentCompanyType,87.85547251612101
6016,CurrentCompanyType,79.70851877871137
21718,MartialStatus,68.6758207152336
6832,MartialStatus,55.402602150805976
9444,DegreeBranch,82.20901430491726
21789,LatestDegreeCGPA,71.28436420877642
12651,MartialStatus,65.86314090346603
5438,CurrentCompanyType,82.85075614216575
17094,MartialStatus,68.242264012355
2467,MartialStatus,67.07791916368687
3295,CurrentCompanyType,88.28462592804874
2298,DegreeBranch,81.16224927368769
9374,LatestDegreeCGPA,75.47655403154593
8325,LatestDegreeCGPA,77.8013096367785
20077,MartialStatus,64.40216905855677
9976,CurrentCompanyType,74.3314946595117
20755,MartialStatus,73.04558846547393
8582,DegreeBranch,74.46216677322161
17002,CurrentCompanyType,78.04507952316273
14742,LatestDegreeCGPA,86.29252453559772
6849,MartialStatus,73.10703661685378
23690,LatestDegreeCGPA,76.63621710485313
2723,MartialStatus,68.21917916095664
23389,LatestDegreeCGPA,80.00371813578295
4551,CurrentCompanyType,81.16908843905601
24155,DegreeBranch,75.21610091436068
17986,MartialStatus,62.556632132544884
3173,MartialStatus,71.01239088723723
4753,LatestDegreeCGPA,81.14004293032056
6047,LatestDegreeCGPA,73.74794438331868
12630,MartialStatus,71.32888209836864
8896,CurrentCompanyType,87.96849898182981
17455,MartialStatus,67.71457396556386
10654,MartialStatus,67.26802353539787
20375,NA,66.7862986647589
16180,DegreeBranch,81.56492366272633
24323,MartialStatus,58.52402600854813
17430,DegreeBranch,75.15599783086013
10603,DegreeBranch,81.81719449334591
23431,CurrentCompanyType,85.98384688114925
23339,DegreeBranch,74.53229193363158
19068,DegreeBranch,76.22114358998319
8797,DegreeBranch,84.97571931049258
11220,LatestDegreeCGPA,79.66854381603167
20244,CurrentCompanyType,78.59181603871956
15150,MartialStatus,57.40880648088905
2145,LatestDegreeCGPA,81.77580613362568
2643,DegreeBranch,76.44332394992364
19659,MartialStatus,64.94018052232737
22395,MartialStatus,61.460839985887894
16986,MartialStatus,64.83523036752142
2938,CurrentCompanyType,76.93877216632141
23372,CurrentCompanyType,84.41533111297184
7675,CurrentCompanyType,72.90537838324911
12534,EmpScore,75.10225976162704
22145,CurrentCompanyType,84.60561221102033
22403,DegreeBranch,71.81503414382017
8865,EmpScore,77.52192717626988
16766,MartialStatus,68.76254030746134
14573,MartialStatus,72.23896693571055
17938,LatestDegreeCGPA,72.90013031110746
20913,DegreeBranch,74.709594347858
2707,DegreeBranch,75.19591971848811
10035,DegreeBranch,76.17980618664689
2342,EmpScore,85.30580368628712
18984,MartialStatus,68.86628032661662
10572,DegreeBranch,84.12406289411899
14851,MartialStatus,64.32574076056383
2644,LatestDegreeCGPA,80.25662243500454
23598,MartialStatus,75.45376177443686
5695,CurrentCompanyType,77.71707363414767
8049,CurrentCompanyType,82.01876825965176
2907,CurrentCompanyType,76.78938075307383
17672,LatestDegreeCGPA,69.1843789375577
23746,LatestDegreeCGPA,83.55251419523752
18424,MartialStatus,68.24556918441519
20530,DegreeBranch,85.28072098586479
14918,DegreeBranch,79.32307922019939
9320,MartialStatus,70.72931442426125
3024,EmpScore,79.37609969305717
8489,MartialStatus,68.90834301791814
16070,DegreeBranch,79.20441689897787
7289,MartialStatus,65.83674018028947
7789,DegreeBranch,84.64525294322237
12493,CurrentCompanyType,78.2989159116077
10076,MartialStatus,67.06732277492333
22870,EmpScore,70.27434885923267
18113,MartialStatus,69.79355525180674
14232,DegreeBranch,79.46105760408244
18076,EmpScore,79.87609461888508
19544,CurrentCompanyType,90.07470564163977
2470,DegreeBranch,73.59050472678354
12813,MartialStatus,63.38269759304765
12270,MartialStatus,69.61384129449611
19184,DegreeBranch,78.12727442075227
13584,DegreeBranch,83.42941841486535
4339,MartialStatus,62.31510973669697
17914,CurrentCompanyType,82.3724041379271
10917,CurrentCompanyType,85.21033061766413
15879,DegreeBranch,80.51704290559599
6427,MartialStatus,69.33684245307353
14040,CurrentCompanyType,75.59386702866996
16305,CurrentCompanyType,88.88077748127691
16513,CurrentCompanyType,87.2144346584101
8960,MartialStatus,65.57356778014038
13799,MartialStatus,64.29010295203598
5379,CurrentCompanyType,76.3178471836026
20457,CurrentCompanyType,90.16651102893795
18933,DegreeBranch,80.31825926975495
19281,MartialStatus,58.27532548526595
10128,MartialStatus,61.85371089038371
18061,CurrentCompanyType,86.58977776318756
2174,MartialStatus,61.9514638039294
18838,DegreeBranch,75.86849321159681
6795,CurrentCompanyType,90.61945120471078
3224,DegreeBranch,72.06423624679485
10831,DegreeBranch,83.89605882067715
5177,LatestDegreeCGPA,85.01869231925865
17845,EmpScore,67.75540279215647
16084,MartialStatus,72.14661296423998
10823,EmpScore,74.41359136232995
22135,LatestDegreeCGPA,89.81587854582861
14894,MartialStatus,62.9631376430818
6721,MartialStatus,62.67924727332972
23929,CurrentCompanyType,84.07306520811365
4683,DegreeBranch,78.05239056342451
21939,DegreeBranch,80.02151883197052
4619,MartialStatus,60.98611793245879
4059,DegreeBranch,80.84108249623014
4750,CurrentCompanyType,76.07752388239331
16333,MartialStatus,57.08787708228527
7631,CurrentCompanyType,80.16544998428192
17571,LatestDegreeCGPA,76.36202961815866
13223,LatestDegreeCGPA,77.2319764323495
6116,DegreeBranch,81.0492890967072
14670,DegreeBranch,82.52232050993697
23632,MartialStatus,67.05620538421567
14677,DegreeBranch,83.45114474957714
19234,MartialStatus,68.73864023978177
5523,CurrentCompanyType,88.96018647294107
11495,MartialStatus,66.29365989799
23168,MartialStatus,61.230204660859435
5302,DegreeBranch,81.18944160710593
7925,EmpScore,71.63499102255575
11796,MartialStatus,66.10899656658195
22722,MartialStatus,61.236734441366124
11147,DegreeBranch,78.18442157425699
3271,MartialStatus,63.712291701463855
7532,MartialStatus,63.59259867368154
22718,DegreeBranch,77.81829385000187
7002,EmpScore,76.58749333255979
23799,MartialStatus,64.93168880975776
20117,DegreeBranch,75.03925590351054
8931,DegreeBranch,75.3513160383772
12655,DegreeBranch,83.31317207030594
10456,CurrentCompanyType,93.72881469517279
21352,DegreeBranch,76.79063008077489
8532,MartialStatus,67.45659306247659
4890,LatestDegreeCGPA,77.33278654350187
22035,DegreeBranch,74.29929075766806
12366,LatestDegreeCGPA,81.44386254275548
24342,CurrentCompanyType,86.84906516086897
9218,CurrentCompanyType,87.52037341602599
2918,NA,71.52561450651334
22751,DegreeBranch,79.79751885542143
9299,MartialStatus,69.19009780870046
10116,NA,74.63473954663097
19046,MartialStatus,62.39739680189792
5724,MartialStatus,58.20054058167156
17626,CurrentCompanyType,80.38706922731768
10874,DegreeBranch,76.6143428918411
17574,CurrentCompanyType,86.60020767415983
12772,LatestDegreeCGPA,67.3128213624665
18545,MartialStatus,66.6238448455106
16172,LatestDegreeCGPA,77.032467238178
18997,DegreeBranch,80.04259728047577
24142,NA,70.21772653474999
10818,DegreeBranch,72.0200623393767
14909,MartialStatus,73.98031296360196
7996,CurrentCompanyType,77.5612644926634
11575,LatestDegreeCGPA,76.07452739650802
7740,DegreeBranch,73.80457923555458
16074,MartialStatus,62.08464289973723
21831,MartialStatus,67.29237010293008
18339,MartialStatus,76.97858585065428
8211,MartialStatus,63.898731262231564
23062,DegreeBranch,80.0051819718521
18654,DegreeBranch,84.39758190932494
16230,CurrentCompanyType,86.12983241975147
19747,DegreeBranch,83.03564768898345
11439,DegreeBranch,78.90189579801014
2888,MartialStatus,66.62294250684272
15800,DegreeBranch,72.25843350071777
2676,EmpScore,84.82486077948889
8530,CurrentCompanyType,80.55914110091324
24046,DegreeBranch,83.41442384918932
7119,DegreeBranch,84.85627815787561
20691,DegreeBranch,76.03613055742719
23702,DegreeBranch,74.5495126557396
4334,DegreeBranch,85.74185472954125
19630,CurrentCompanyType,84.68139129314227
19977,MartialStatus,66.96502657936719
11601,MartialStatus,69.66740058882542
18181,CurrentCompanyType,89.28540262108086
14495,MartialStatus,70.45525499094883
5433,DegreeBranch,76.00619089834277
2708,DegreeBranch,78.66848361620458
19110,CurrentCompanyType,84.35311307685924
8077,LatestDegreeCGPA,71.63660737641312
6574,MartialStatus,69.8932814644877
12076,DegreeBranch,73.9297928710389
3813,MartialStatus,73.14546118392371
7864,CurrentCompanyType,81.26309296007923
15259,EmpScore,75.53288977543545
19304,DegreeBranch,77.78245243665151
12613,DegreeBranch,77.94027367191728
6340,MartialStatus,65.12318479953541
13726,DegreeBranch,80.47145481341826
21799,LatestDegreeCGPA,80.16966125120423
18946,MartialStatus,61.992014836955576
22904,MartialStatus,61.51664809452754
12715,MartialStatus,56.96837063224803
5464,EmpScore,70.87229290413515
2885,DegreeBranch,80.04808834190929
8175,LatestDegreeCGPA,74.54547367445113
18310,CurrentCompanyType,71.04561976756709
21078,LatestDegreeCGPA,68.70745365739297
13869,LatestDegreeCGPA,80.83002256201024
15964,LatestDegreeCGPA,75.66177450299203
21048,NA,72.09014055846076
14638,DegreeBranch,78.29275207576066
21982,MartialStatus,73.58172096948309
5750,DegreeBranch,77.45153611249276
23484,CurrentCompanyType,80.80888899970512
23656,DegreeBranch,74.7159474116342
18479,CurrentCompanyType,84.52211763569933
11695,LatestDegreeCGPA,69.70387982362362
7842,CurrentCompanyType,81.84133147087044
2092,LatestDegreeCGPA,76.1540461453523
10587,CurrentCompanyType,88.7039137174915
6208,CurrentCompanyType,87.3553948769542
4927,MartialStatus,56.486620191037204
17015,MartialStatus,68.18670923517107
6074,MartialStatus,62.57456255553176
18384,MartialStatus,72.15137243210877
24181,CurrentCompanyType,91.09531484765834
20806,NA,60.267544925132654
16059,MartialStatus,68.66245007973573
6400,LatestDegreeCGPA,63.554178312066966
3219,CurrentCompanyType,84.72691359759489
17911,MartialStatus,55.54324806260585
9737,MartialStatus,68.79151116558776
17547,DegreeBranch,80.41270026881793
22355,CurrentCompanyType,89.1832547486625
9500,CurrentCompanyType,80.88103941028194
11509,MartialStatus,56.313572981114376
13707,LatestDegreeCGPA,85.0571822938447
4624,DegreeBranch,85.50818506037524
21760,CurrentCompanyType,88.76110888322839
10948,DegreeBranch,73.80906122430858
23985,CurrentCompanyType,81.40679340182426
10479,EmpScore,85.69069468635946
19231,MartialStatus,69.63824056129565
5709,DegreeBranch,84.0278028206474
13431,CurrentCompanyType,89.86744220126069
22981,CurrentCompanyType,86.8700046727108
6933,DegreeBranch,79.186466770219
14159,CurrentCompanyType,73.11992208765218
16588,MartialStatus,71.48093143082453
11588,MartialStatus,77.19194779835397
12666,LatestDegreeCGPA,76.63311147564883
4953,DegreeBranch,77.63674818277858
11252,DegreeBranch,80.20607434416779
8297,LatestDegreeCGPA,77.97749585144946
10845,DegreeBranch,78.33753898613391
8944,EmpScore,75.27766824720777
23139,DegreeBranch,75.45152437769438
19518,DegreeBranch,75.85193476999417
12990,NA,72.11874107084596
14291,MartialStatus,75.36717930734326
14179,MartialStatus,57.16028403894486
9680,DegreeBranch,81.8119396581655
13664,LatestDegreeCGPA,76.72294707305285
8516,MartialStatus,72.96411853173758
10647,MartialStatus,70.06266419814057
8171,LatestDegreeCGPA,77.53014948654257
17394,CurrentCompanyType,84.28529422050725
17058,EmpScore,77.87764129447837
6873,MartialStatus,71.29904373381777
15125,LatestDegreeCGPA,75.81327361048238
6127,MartialStatus,68.5149102974844
21042,DegreeBranch,76.02782438788685
16063,MartialStatus,64.03772614671371
4621,DegreeBranch,79.00389023042062
14416,NA,71.57658779703087
18397,LatestDegreeCGPA,79.3992786704691
5120,EmpScore,72.63272265270712
12551,MartialStatus,67.53000920710656
20025,MartialStatus,65.0271096905619
14404,DegreeBranch,77.01683725110347
18728,DegreeBranch,72.79119262250575
5771,CurrentCompanyType,88.934056144793
24313,CurrentCompanyType,76.62268725963635
9022,CurrentCompanyType,90.7635099458036
5716,DegreeBranch,79.59954992935428
18757,MartialStatus,64.49091197595665
11829,MartialStatus,63.31033576213793
10398,CurrentCompanyType,81.4842646249673
18508,DegreeBranch,77.38903039424831
18302,MartialStatus,67.39661969713937
23412,MartialStatus,63.74027679062076
12476,LatestDegreeCGPA,74.50474759604859
3485,MartialStatus,62.22314362858829
20115,CurrentCompanyType,86.6636435302958
17304,MartialStatus,54.49128644062776
3347,CurrentCompanyType,79.87237650844163
13474,MartialStatus,69.35447254048024
19974,CurrentCompanyType,87.92448633856571
18300,LatestDegreeCGPA,82.11454760514846
23366,MartialStatus,67.98708668925815
2109,MartialStatus,72.50092113604421
21959,NA,72.6971459894031
19383,LatestDegreeCGPA,80.43057118100981
24267,MartialStatus,72.22864886197652
21887,DegreeBranch,77.46222372165423
12162,EmpScore,76.98913652318123
12708,MartialStatus,66.04949665339562
21563,CurrentCompanyType,93.90142980988324
16500,MartialStatus,70.06838505130396
12807,DegreeBranch,77.91518391919791
2592,MartialStatus,61.66709380973379
4148,MartialStatus,71.62226851260544
4464,MartialStatus,66.60309402324263
12988,CurrentCompanyType,88.44983008900698
20303,LatestDegreeCGPA,76.40182112143964
11657,MartialStatus,71.69551937754099
12932,MartialStatus,66.63586711633484
21458,CurrentCompanyType,74.74825052845169
16997,CurrentCompanyType,87.29867022529035
2479,DegreeBranch,77.35967749663062
17759,DegreeBranch,84.45021733169034
3616,MartialStatus,59.66495663669164
4222,LatestDegreeCGPA,72.38464387190277
14001,DegreeBranch,81.25367100667202
10286,DegreeBranch,75.08594598656057
12965,LatestDegreeCGPA,75.72466101430147
21357,MartialStatus,64.62406469283815
7914,CurrentCompanyType,77.46467696900933
22661,LatestDegreeCGPA,79.47674620614517
4374,LatestDegreeCGPA,80.93249505689843
5881,CurrentCompanyType,81.20587072729666
3602,CurrentCompanyType,70.74358505908765
23102,MartialStatus,65.85771090000173
6184,LatestDegreeCGPA,82.63281819287013
24265,LatestDegreeCGPA,75.27654621817717
19545,MartialStatus,64.73520697686176
18701,DegreeBranch,78.75063890375012
23802,LatestDegreeCGPA,68.44965905780018
22013,MartialStatus,65.988275690556
5199,MartialStatus,68.37751830622052
2043,MartialStatus,70.86543963861169
13098,DegreeBranch,82.32446420431032
5770,MartialStatus,67.2390302451365
12040,CurrentCompanyType,77.12146229653555
16754,DegreeBranch,79.82055830216723
11831,CurrentCompanyType,77.7958802480644
22645,DegreeBranch,72.08394654359073
15966,CurrentCompanyType,84.1106354061072
19457,DegreeBranch,73.99050305961995
20542,MartialStatus,66.27908332330757
21023,LatestDegreeCGPA,65.4588231765879
8310,MartialStatus,76.80035978511927
7341,MartialStatus,70.44599930653769
23986,CurrentCompanyType,80.74625345315958
22795,MartialStatus,66.6784046069306
20249,DegreeBranch,74.89326197302327
13854,MartialStatus,63.73703881686142
15936,NA,73.13496753015401
24083,DegreeBranch,76.7635902646884
18836,MartialStatus,67.39943893159962
18570,CurrentCompanyType,75.899942920836
17384,NA,71.33003498027867
22672,MartialStatus,59.823570496891236
9730,EmpScore,68.81568685265373
3393,MartialStatus,64.2220795521328
20106,LatestDegreeCGPA,78.37247367122254
9258,DegreeBranch,73.44229920551825
23865,MartialStatus,53.18692076820354
7286,DegreeBranch,83.24069957717793
21985,MartialStatus,64.15256629156355
2711,MartialStatus,74.25738870470533
15319,CurrentCompanyType,90.86206249192706
11776,CurrentCompanyType,86.76723247145947
19563,CurrentCompanyType,78.97573922724533
11364,CurrentCompanyType,75.90649542164087
7921,LatestDegreeCGPA,79.58901782529874
24288,LatestDegreeCGPA,82.28867577037047
22676,EmpScore,72.42780726540138
14650,CurrentCompanyType,86.66258181171362
13716,MartialStatus,54.52842068159566
16663,MartialStatus,63.30193292428965
23789,MartialStatus,62.39103389114787
23904,DegreeBranch,83.22744788532876
24199,DegreeBranch,74.01971916149506
18322,DegreeBranch,83.75200165985243
23876,MartialStatus,76.36583029541771
18685,DegreeBranch,77.52701961786015
10788,LatestDegreeCGPA,75.81648741583817
11314,MartialStatus,65.90672217500463
10982,DegreeBranch,75.31384683337595
5341,MartialStatus,63.62478573433701
19136,CurrentCompanyType,83.86785637702309
13511,DegreeBranch,73.87463997574183
15520,MartialStatus,69.44792848269255
5176,DegreeBranch,79.38965488344135
6765,CurrentCompanyType,87.24753142835905
7622,DegreeBranch,72.05672797186388
20256,MartialStatus,75.3803450022721
10512,DegreeBranch,77.9418550796349
18035,MartialStatus,69.85411383817443
17915,DegreeBranch,83.64064514597447
10082,DegreeBranch,78.95359380493363
17007,LatestDegreeCGPA,82.99171328977917
17646,DegreeBranch,80.68191518634372
15092,MartialStatus,63.44189584778335
8716,CurrentCompanyType,77.0137710139469
18387,MartialStatus,69.0890273483019
3105,LatestDegreeCGPA,69.68507963235207
16580,MartialStatus,63.84329465182329
15778,MartialStatus,67.45280173050652
12418,CurrentCompanyType,88.5457334741995
3472,DegreeBranch,80.39761071302974
7073,DegreeBranch,82.78912702579836
12029,DegreeBranch,74.51283181748668
12834,MartialStatus,77.54221457828342
4089,MartialStatus,70.80156119723993
3236,DegreeBranch,84.25592700631125
17784,LatestDegreeCGPA,82.89860512006832
21368,DegreeBranch,78.76234822604398
17298,NA,73.50120305151006
15071,MartialStatus,71.54527446300105
20792,CurrentCompanyType,84.22936095748997
12108,DegreeBranch,80.01397793023165
14059,LatestDegreeCGPA,77.97262390468804
6884,MartialStatus,71.76392085431448
8035,MartialStatus,66.24459782461949
11935,LatestDegreeCGPA,78.75968246667725
6545,DegreeBranch,78.2939396807432
6725,CurrentCompanyType,86.61295754704352
12830,DegreeBranch,75.42608321276064
20720,LatestDegreeCGPA,77.11978733195639
9957,MartialStatus,74.21832041296746
7484,LatestDegreeCGPA,85.66929203876185
3936,CurrentCompanyType,74.98592838074796
14140,LatestDegreeCGPA,78.97291266144038
13238,CurrentCompanyType,83.38124274297985
22894,LatestDegreeCGPA,76.80913349399817
14787,LatestDegreeCGPA,90.8382751087662
21622,LatestDegreeCGPA,72.97868012392244
14528,DegreeBranch,77.29322501943193
2818,NA,67.42625406159503
11406,MartialStatus,64.74014906038423
17830,LatestDegreeCGPA,82.40670175854248
18837,DegreeBranch,76.66081253563216
9997,NA,67.58761708334978
19543,CurrentCompanyType,83.09465264629995
2069,DegreeBranch,78.80976852408682
23430,MartialStatus,68.5206877417799
8848,CurrentCompanyType,70.4627868685239
16331,LatestDegreeCGPA,82.02853748700149
4361,DegreeBranch,79.84349381772704
14786,DegreeBranch,80.48678714778927
20707,MartialStatus,66.51688432072373
14856,DegreeBranch,76.29709797124985
11666,DegreeBranch,76.3614294115979
16055,EmpScore,75.17299114675295
22595,MartialStatus,67.33559144453432
9536,CurrentCompanyType,81.96935232378507
16879,LatestDegreeCGPA,74.906197815828
11112,DegreeBranch,78.63139629357529
4039,CurrentCompanyType,76.02065610358127
10449,MartialStatus,63.339796427734875
17441,MartialStatus,74.34389894985618
21122,DegreeBranch,82.21420338387767
7888,MartialStatus,68.88485315073052
3577,LatestDegreeCGPA,81.68526036463749
5478,CurrentCompanyType,79.25871554018832
7657,LatestDegreeCGPA,82.15385301675984
2695,DegreeBranch,80.41819688678818
5618,NA,69.34558968641367
11187,CurrentCompanyType,81.51700450075926
2719,CurrentCompanyType,86.33312827077907
6421,MartialStatus,58.55039839538201
2199,CurrentCompanyType,85.06195490942704
13143,DegreeBranch,78.07181964827106
20601,MartialStatus,64.54313994188628
11802,CurrentCompanyType,82.27528294040428
18485,MartialStatus,68.87757617919124
22895,CurrentCompanyType,87.30437819277135
21101,MartialStatus,68.63694655686318
15267,MartialStatus,67.07234623000633
7396,MartialStatus,70.95993639586246
18214,CurrentCompanyType,90.16201637192454
23828,DegreeBranch,70.83460121881797
6521,DegreeBranch,76.17042167347623
18308,DegreeBranch,84.51590710409161
9779,MartialStatus,77.28511555378785
18732,MartialStatus,61.53574464026487
18383,LatestDegreeCGPA,74.81760053826234
8607,LatestDegreeCGPA,89.39255545519714
19367,DegreeBranch,79.612962102096
16067,CurrentCompanyType,86.80202464365378
21107,LatestDegreeCGPA,76.52968107297721
18428,MartialStatus,62.606805617689574
22680,LatestDegreeCGPA,74.0499751668923
13343,CurrentCompanyType,87.71425133248958
5562,NA,64.98537337157765
5804,DegreeBranch,78.19777772263612
11143,CurrentCompanyType,87.43282060437426
10554,DegreeBranch,75.80631927951964
12782,EmpScore,80.00985626144592
8421,LatestDegreeCGPA,67.08261938291878
11327,CurrentCompanyType,85.75981507315498
2310,DegreeBranch,77.55522932759956
15975,CurrentCompanyType,71.80808665165644
17859,MartialStatus,71.32866404146061
7436,CurrentCompanyType,86.912374788705
13555,CurrentCompanyType,87.71783664433339
6009,MartialStatus,65.6566493008441
21325,MartialStatus,66.19344258593478
2084,DegreeBranch,81.14026664938689
4452,EmpScore,84.13648226423851
11430,DegreeBranch,83.80483713784923
10765,LatestDegreeCGPA,76.97005039808717
15629,DegreeBranch,87.83055880747273
11964,MartialStatus,69.36918729569217
23725,DegreeBranch,75.49936174563796
8561,DegreeBranch,79.30791174905602
9172,MartialStatus,63.56279257639487
2421,CurrentCompanyType,83.71424227924128
19063,LatestDegreeCGPA,74.97425590630291
23309,DegreeBranch,74.45431576810826
7175,LatestDegreeCGPA,87.16713652138661
8793,LatestDegreeCGPA,78.92557389274072
14503,MartialStatus,65.01294896059396
7640,MartialStatus,68.55745915529546
15944,DegreeBranch,74.87555483803715
12332,LatestDegreeCGPA,71.41043371436143
2200,MartialStatus,70.4544268188543
16626,MartialStatus,72.4810772896278
7245,DegreeBranch,82.239120407739
20874,DegreeBranch,80.13441581355653
11836,MartialStatus,64.34667923367768
17159,MartialStatus,59.28940699580039
5561,MartialStatus,67.17450695780484
10390,EmpScore,80.57793149720376
12801,LatestDegreeCGPA,78.54788713252026
17480,LatestDegreeCGPA,80.23825201360992
21804,CurrentCompanyType,72.0956782913594
21500,LatestDegreeCGPA,74.75118942673767
13678,MartialStatus,57.6247293078159
9840,LatestDegreeCGPA,79.23277089037406
4388,MartialStatus,66.28491502925587
19129,MartialStatus,63.96238108569358
5731,LatestDegreeCGPA,84.90143463715944
15251,EmpScore,68.49484322243507
14513,MartialStatus,69.3901600869606
10721,MartialStatus,71.55350431389606
3050,LatestDegreeCGPA,82.7009264461048
13781,LatestDegreeCGPA,75.66028049183464
4302,DegreeBranch,79.19912662540202
15644,CurrentCompanyType,87.28616116829043
20011,NA,69.84468144890909
8486,EmpScore,82.42947295199421
12017,NA,67.13051008173801
15184,NA,69.20695815284056
17034,DegreeBranch,80.31917690960904
6955,CurrentCompanyType,72.02832818453982
14804,LatestDegreeCGPA,81.07091869933758
7994,LatestDegreeCGPA,82.55858894355202
4645,DegreeBranch,75.99907535823411
8560,CurrentCompanyType,89.75252293553356
23044,DegreeBranch,77.08734722962743
11106,DegreeBranch,75.67010845852735
17042,DegreeBranch,81.51306771649047
3098,CurrentCompanyType,88.41022814288498
4141,DegreeBranch,78.5015910207354
18539,MartialStatus,70.8372218441477
23337,MartialStatus,64.98000102668666
16428,NA,65.00757580872771
2904,CurrentCompanyType,89.68704475484665
16447,CurrentCompanyType,88.9167507808014
13259,NA,70.55262946010177
23553,LatestDegreeCGPA,79.21494062076249
4375,MartialStatus,64.94076090428433
23336,MartialStatus,67.7202952704093
20794,CurrentCompanyType,88.32404614557674
3927,NA,66.4119668389386
13733,LatestDegreeCGPA,77.29380924116235
3587,DegreeBranch,81.74389620727277
3152,LatestDegreeCGPA,83.19171867590816
24376,DegreeBranch,74.37704746599962
16844,DegreeBranch,73.64026512173763
8046,CurrentCompanyType,77.4834473991649
8426,DegreeBranch,79.3246954157468
19626,MartialStatus,52.57967237094934
2704,CurrentCompanyType,77.8827042769145
15667,CurrentCompanyType,77.33534579136459
20234,DegreeBranch,80.59393223050523
15296,EmpScore,76.93766054837664
9210,DegreeBranch,76.49275744138853
18830,LatestDegreeCGPA,80.76188993095802
2604,MartialStatus,73.92740594518386
5329,CurrentCompanyType,85.13627287711925
23949,DegreeBranch,79.74283236374792
15797,MartialStatus,66.46847957130696
8526,EmpScore,76.7611886348338
13250,MartialStatus,68.06118380176929
11717,DegreeBranch,81.82381572237121
2501,MartialStatus,71.81164534041211
7340,MartialStatus,67.04872819864823
18221,DegreeBranch,77.31418671982216
16778,MartialStatus,69.67586048559228
3918,NA,68.037209162272
9405,DegreeBranch,79.87670643461259
5788,MartialStatus,71.47042344223522
5094,MartialStatus,70.55760305539998
5644,CurrentCompanyType,88.22757074900252
22780,EmpScore,68.32178124145825
19658,DegreeBranch,82.4387543937665
12255,DegreeBranch,77.65833489809074
14402,LatestDegreeCGPA,72.37382819608754
14349,CurrentCompanyType,89.18704868416886
18541,CurrentCompanyType,71.79761248815291
20623,MartialStatus,54.35109903448463
6844,LatestDegreeCGPA,70.52873871888495
5723,CurrentCompanyType,82.45682302837123
11788,EmpScore,79.96763435251393
6627,LatestDegreeCGPA,82.68413877503379
20909,MartialStatus,60.62114675891776
14809,DegreeBranch,75.57925227106726
18575,CurrentCompanyType,77.19784574671247
22150,MartialStatus,71.98451014415144
16809,DegreeBranch,80.66431722224287
19312,MartialStatus,74.98360128726162
8307,CurrentCompanyType,89.37335203392678
17291,CurrentCompanyType,90.02644386743934
19693,CurrentCompanyType,79.95099252297663
3732,LatestDegreeCGPA,88.60744771486723
3929,MartialStatus,57.27069806641268
8880,CurrentCompanyType,85.6692463648411
7227,DegreeBranch,74.77250260917424
9968,MartialStatus,72.11494077689026
7934,NA,67.03035397566862
22719,MartialStatus,64.35004279905154
22066,MartialStatus,69.45037285141726
14275,NA,73.56629261255954
20269,DegreeBranch,72.55310349674032
13724,CurrentCompanyType,89.92426231698829
13939,MartialStatus,66.76609860188684
18856,MartialStatus,69.21115742501928
9659,CurrentCompanyType,73.59681680517521
17169,MartialStatus,62.59034556958314
5416,DegreeBranch,76.92085732705564
17475,LatestDegreeCGPA,81.01718782106775
20951,MartialStatus,71.06284509642275
7302,EmpScore,82.49924078994404
15998,DegreeBranch,79.24378705120718
15772,CurrentCompanyType,72.3661401902128
4351,CurrentCompanyType,87.94004512852521
23973,MartialStatus,67.95212549190977
4156,MartialStatus,73.07764212327821
14475,CurrentCompanyType,90.92258725133232
19286,MartialStatus,62.941771984233526
5496,MartialStatus,70.78389524690711
16545,DegreeBranch,73.96500422862171
11648,CurrentCompanyType,87.47871556297837
11868,DegreeBranch,79.4946975256138
4881,EmpScore,78.21471349690164
15826,DegreeBranch,69.7712684918511
11159,MartialStatus,69.88176426542726
22652,MartialStatus,66.54550602490771
19724,MartialStatus,68.18192694081328
22859,CurrentCompanyType,90.6744219787328
16940,DegreeBranch,79.53058440314794
20322,CurrentCompanyType,90.04773348931212
4003,CurrentCompanyType,75.3179596898335
5964,CurrentCompanyType,87.92931454460735
13908,MartialStatus,66.79942206420377
15448,MartialStatus,63.52400788486579
21034,CurrentCompanyType,85.85878205892095
8752,CurrentCompanyType,70.63228381199846
21756,DegreeBranch,75.63021016460849
2450,CurrentCompanyType,83.90056878370629
22630,DegreeBranch,76.44609214717703
22388,MartialStatus,69.9094785055395
8375,LatestDegreeCGPA,69.02467927300856
21049,LatestDegreeCGPA,77.66766353815454
16236,MartialStatus,68.73020576356801
21903,DegreeBranch,79.88933785739101
7655,DegreeBranch,82.32676705163962
11344,MartialStatus,60.51308745510268
23105,DegreeBranch,76.48470385628781
15076,DegreeBranch,75.66017118451728
7270,CurrentCompanyType,79.72578220370453
12394,DegreeBranch,80.03946206724319
7529,CurrentCompanyType,86.10674295110348
22585,CurrentCompanyType,90.2148788779333
3800,LatestDegreeCGPA,77.56847473326086
23995,DegreeBranch,83.31155121223713
16258,DegreeBranch,76.69917171535405
16105,LatestDegreeCGPA,77.87830977178832
12746,MartialStatus,70.77546676088129
23310,CurrentCompanyType,87.23112814262059
4575,CurrentCompanyType,86.11050220375105
22111,EmpScore,80.6847250903833
16383,DegreeBranch,82.22996562541275
23228,LatestDegreeCGPA,79.34856043478274
11058,MartialStatus,63.61590319230931
2229,DegreeBranch,75.9749301446515
23160,CurrentCompanyType,83.52500404068253
2201,LatestDegreeCGPA,83.58766888253302
21175,DegreeBranch,76.39645995344664
10842,NA,70.1607924041026
6838,MartialStatus,65.50923736098225
24055,MartialStatus,73.55487472668784
23769,EmpScore,75.58736638571995
18248,LatestDegreeCGPA,72.18145142121172
23006,CurrentCompanyType,90.56772274739639
9770,EmpScore,82.71242769292107
8237,LatestDegreeCGPA,77.40877196045602
7237,MartialStatus,73.01632157085581
7738,DegreeBranch,72.73103068568227
5635,EmpScore,75.43967496666137
20843,MartialStatus,64.11147466428366
16391,DegreeBranch,71.90554247469916
19568,CurrentCompanyType,82.28905366201028
6093,LatestDegreeCGPA,68.54564699473976
4002,MartialStatus,64.53423869402481
6787,DegreeBranch,78.61129743850208
7084,DegreeBranch,77.90889245577591
19169,MartialStatus,65.66987242297368
9663,MartialStatus,69.5300141113831
12329,MartialStatus,72.36970087703908
4173,MartialStatus,66.99375600949566
8418,LatestDegreeCGPA,71.10934902203395
4930,CurrentCompanyType,72.97515943423213
19318,LatestDegreeCGPA,69.00527938431425
20346,MartialStatus,64.81077769623788
12302,DegreeBranch,77.51411811073353
16170,CurrentCompanyType,85.47486720095355
7459,MartialStatus,67.8672616905144
12575,CurrentCompanyType,80.95516803311253
18122,CurrentCompanyType,88.28407351386261
4755,MartialStatus,69.28924330315891
8396,DegreeBranch,83.04925260480903
9077,LatestDegreeCGPA,82.72612631083453
14009,LatestDegreeCGPA,89.24067308804666
7897,CurrentCompanyType,89.1028004647021
6150,CurrentCompanyType,90.59097903838347
6609,MartialStatus,65.47782774690425
2291,DegreeBranch,84.19720251387503
15546,DegreeBranch,71.92908995396739
10180,LatestDegreeCGPA,79.32121742169954
16711,DegreeBranch,81.22133280999614
6612,DegreeBranch,78.02070391405977
7652,CurrentCompanyType,87.38897815026161
13473,CurrentCompanyType,80.35436289845717
3385,MartialStatus,67.88053620053242
11194,MartialStatus,62.57540338928467
18478,LatestDegreeCGPA,70.94313628147232
9186,CurrentCompanyType,93.76210653005234
13879,CurrentCompanyType,84.91705018283722
7462,MartialStatus,60.72292940637155
2629,LatestDegreeCGPA,78.78758253760199
17485,MartialStatus,58.440575826968654
20554,LatestDegreeCGPA,88.46740527885935
13041,MartialStatus,60.52215759080943
21540,DegreeBranch,71.60264364866461
4872,CurrentCompanyType,74.5907134517404
13228,LatestDegreeCGPA,84.61221622612234
22607,EmpScore,72.43224024665417
2997,MartialStatus,66.99908153279677
19815,DegreeBranch,81.78642617419254
9286,CurrentCompanyType,89.64437703330877
16899,MartialStatus,75.20623202221131
18738,CurrentCompanyType,85.28808633658737
18151,MartialStatus,68.22979196382597
19415,MartialStatus,72.05430356623005
13001,CurrentCompanyType,86.77351931623743
22925,DegreeBranch,73.6606163417567
8028,MartialStatus,72.02991405972847
2358,MartialStatus,70.50996151098886
20238,CurrentCompanyType,83.67193838434677
4501,LatestDegreeCGPA,74.13221933283575
21143,EmpScore,74.51973360038963
2161,CurrentCompanyType,86.42993086808977
2182,CurrentCompanyType,84.006711660201
19842,CurrentCompanyType,82.83381532941617
19254,LatestDegreeCGPA,64.45452215970545
6386,DegreeBranch,74.92962271462378
7649,DegreeBranch,78.13375220273582
10537,MartialStatus,64.16629220376224
6049,MartialStatus,69.96324539443316
19912,LatestDegreeCGPA,76.72533648516149
6355,CurrentCompanyType,89.93224310383788
20538,LatestDegreeCGPA,78.77695657943846
21413,NA,66.85926045808127
14779,CurrentCompanyType,88.9147557127148
7870,LatestDegreeCGPA,78.98979231924342
2727,DegreeBranch,83.48412760173947
13503,LatestDegreeCGPA,64.71433773876878
15243,CurrentCompanyType,73.79655756045439
9695,MartialStatus,74.82708859648537
8173,MartialStatus,73.17371913252413
15012,MartialStatus,68.99905698059638
21625,MartialStatus,79.39452527156294
17371,CurrentCompanyType,91.49224668507607
13524,MartialStatus,65.49154640360642
22579,DegreeBranch,81.3982912039489
16706,EmpScore,76.8568156428772
14666,CurrentCompanyType,84.36954614528116
15498,EmpScore,76.69090258095584
13525,NA,63.6045235551169
8063,EmpScore,83.2220521708646
2101,DegreeBranch,80.51674000134699
9701,DegreeBranch,75.13135890818893
14616,DegreeBranch,79.92895591488033
3262,NA,74.10196253370961
22729,DegreeBranch,77.30838815209638
12002,EmpScore,71.30812878889641
11846,DegreeBranch,83.50010531536756
4803,MartialStatus,66.10831151524751
23599,LatestDegreeCGPA,82.4663324938527
5767,DegreeBranch,79.67891846898141
24094,EmpScore,71.75459059904301
3963,CurrentCompanyType,73.39697551837884
17341,LatestDegreeCGPA,80.78649246843071
17611,DegreeBranch,77.0054246582766
8823,MartialStatus,72.2356219295393
4583,DegreeBranch,82.13076831651838
12858,MartialStatus,69.13041820781774
13394,MartialStatus,61.57420292290407
7571,MartialStatus,57.495315290836956
9196,EmpScore,79.72922022298208
10216,DegreeBranch,71.42364133798097
4687,CurrentCompanyType,87.5437968111091
2509,DegreeBranch,80.82178889336387
7337,MartialStatus,71.16365273310086
14417,CurrentCompanyType,86.64015374232142
10210,MartialStatus,56.63627431512817
22564,MartialStatus,64.24416779485804
5207,DegreeBranch,74.08638971778824
12515,DegreeBranch,78.51858512141169
3928,CurrentCompanyType,85.95918988921193
5735,EmpScore,84.78813128287199
5569,CurrentCompanyType,81.81152628757005
24236,LatestDegreeCGPA,77.27143017508095
13425,MartialStatus,72.95527604503425
18799,CurrentCompanyType,76.46736998251598
6710,MartialStatus,65.57900173052099
19377,EmpScore,80.62615531208345
9356,MartialStatus,69.56942895762457
7230,CurrentCompanyType,87.85746539619873
15933,LatestDegreeCGPA,70.36045083176347
8207,DegreeBranch,82.86959932884065
13633,MartialStatus,67.47292857959891
22580,DegreeBranch,77.65671276857982
23901,DegreeBranch,81.76497177575604
12062,CurrentCompanyType,93.61734753274781
20466,MartialStatus,58.23487694599392
9615,LatestDegreeCGPA,72.55813997592409
14860,CurrentCompanyType,85.53380356600451
15310,MartialStatus,55.77726344851568
10843,DegreeBranch,75.52705740088285
17628,LatestDegreeCGPA,69.93853167224223
11328,DegreeBranch,76.76160370177121
4521,LatestDegreeCGPA,72.69752785608631
20767,LatestDegreeCGPA,75.2446317033568
18717,MartialStatus,68.98099268195013
4802,CurrentCompanyType,86.40822533698704
17239,DegreeBranch,77.97702180355559
3537,MartialStatus,63.55052969834245
11948,EmpScore,79.25680277312752
8054,EmpScore,73.12252937372025
11939,DegreeBranch,75.16672564214764
2274,DegreeBranch,78.08839112770093
3239,LatestDegreeCGPA,76.32869351423054
21159,LatestDegreeCGPA,77.31433207284633
9432,CurrentCompanyType,81.52102370773153
21406,LatestDegreeCGPA,83.6846696270217
17843,CurrentCompanyType,76.48026503814835
6264,DegreeBranch,81.55519902000154
15233,EmpScore,80.57992969904461
7165,LatestDegreeCGPA,68.39988879835691
9302,MartialStatus,68.92359395421965
22163,DegreeBranch,81.92025644161302
6533,EmpScore,78.26287202126409
3619,CurrentCompanyType,84.47479987202868
5340,EmpScore,81.68282099137522
10155,CurrentCompanyType,91.75236016332795
11610,NA,71.945676540665
4698,DegreeBranch,79.44400159067202
18995,MartialStatus,64.55646844581707
17558,MartialStatus,63.44850065347923
4718,MartialStatus,78.0740358844905
4489,LatestDegreeCGPA,74.21608769254456
17312,DegreeBranch,79.26953443664745
23749,MartialStatus,63.45674355057287
8784,MartialStatus,64.50364899896547
15266,LatestDegreeCGPA,88.17962847040111
22921,MartialStatus,65.02855249858865
20268,DegreeBranch,83.56142005055057
11080,NA,69.18779701382307
10206,DegreeBranch,78.97949645905739
19008,LatestDegreeCGPA,79.03600230840381
8891,DegreeBranch,75.37342605327957
17134,EmpScore,75.24969021758545
12763,MartialStatus,64.56355580913153
6927,DegreeBranch,75.78205039027088
4092,DegreeBranch,84.26995069296052
6808,CurrentCompanyType,85.06673453764216
11354,CurrentCompanyType,88.9669316289212
4117,CurrentCompanyType,72.71575956481078
9068,MartialStatus,69.7378616062263
18509,CurrentCompanyType,82.91953096928451
19098,MartialStatus,66.8023022080428
12604,LatestDegreeCGPA,74.16169350625452
3902,DegreeBranch,75.02285932927134
11702,MartialStatus,52.780351218157605
7313,CurrentCompanyType,86.58324864245962
14367,MartialStatus,63.486598615218085
11655,LatestDegreeCGPA,79.49362703871047
16826,MartialStatus,61.673487806556096
21988,LatestDegreeCGPA,76.36745669622795
3748,MartialStatus,71.81913455268165
9134,CurrentCompanyType,72.79873982710127
16204,MartialStatus,70.72604987541413
19633,DegreeBranch,73.83519058150247
12289,LatestDegreeCGPA,90.50655203767404
5165,MartialStatus,67.78633855934707
18204,LatestDegreeCGPA,72.61416907010387
3084,LatestDegreeCGPA,72.32835839377839
18089,EmpScore,77.65741146204739
14084,CurrentCompanyType,86.49697381059354
15750,MartialStatus,70.75626654847682
9386,DegreeBranch,82.26617311467939
6135,LatestDegreeCGPA,82.72639754227197
18118,LatestDegreeCGPA,78.60427702509429
18808,LatestDegreeCGPA,83.45705466427879
12779,DegreeBranch,77.94631214746414
21938,EmpScore,72.03555212658249
2558,MartialStatus,69.74703770108313
18450,MartialStatus,63.71912758884111
17385,DegreeBranch,78.65124037562836
13063,LatestDegreeCGPA,77.15732303010748
12387,CurrentCompanyType,82.19887391034149
18210,MartialStatus,65.60620555770068
7563,NA,70.9156308052025
2396,DegreeBranch,75.04653747929743
19931,LatestDegreeCGPA,87.4581947787087
17018,DegreeBranch,80.69944552605693
11828,MartialStatus,67.52253588952928
5955,LatestDegreeCGPA,79.77457889049859
4193,MartialStatus,66.5553468187236
19402,DegreeBranch,79.55794204839198
8026,CurrentCompanyType,73.2961466859293
3598,DegreeBranch,76.95624109333302
9109,MartialStatus,68.08181897242876
22455,LatestDegreeCGPA,79.88791360717153
23126,DegreeBranch,68.65749375811491
21356,DegreeBranch,73.82850644202557
12032,DegreeBranch,78.61952140508355
21916,CurrentCompanyType,87.31471450512791
18080,CurrentCompanyType,91.2234154506119
13786,MartialStatus,68.74506983344003
15654,CurrentCompanyType,83.4531921288239
12872,CurrentCompanyType,84.96685414297416
16181,CurrentCompanyType,75.58535607351362
3853,DegreeBranch,78.27518224314016
15566,DegreeBranch,80.4920199323078
17530,MartialStatus,63.79798072171135
7497,MartialStatus,65.24341750549084
19896,LatestDegreeCGPA,73.25546753770342
20921,MartialStatus,66.77514175864016
16957,DegreeBranch,86.0126427906585
21189,CurrentCompanyType,79.30855611521436
7874,CurrentCompanyType,70.67501861694774
23285,MartialStatus,65.01284502933416
14606,MartialStatus,66.7838778777632
12922,DegreeBranch,79.90598943749839
19508,LatestDegreeCGPA,76.65365940725526
8329,CurrentCompanyType,81.89956554741971
14511,MartialStatus,70.91569623087699
20593,NA,68.01041553881538
12059,DegreeBranch,81.43652497612902
5780,DegreeBranch,77.19221974950368
5246,DegreeBranch,77.88260013874343
4697,EmpScore,83.85750886347012
12105,MartialStatus,72.10779292255391
13211,MartialStatus,66.82038221843779
23646,DegreeBranch,77.4071981625444
6499,MartialStatus,64.78130337863537
8367,MartialStatus,70.2375417804172
21336,EmpScore,78.75401026022814
20305,DegreeBranch,82.37363642831744
12517,DegreeBranch,79.16865905946482
5430,MartialStatus,70.42582023599576
5766,DegreeBranch,82.35823633772024
7896,LatestDegreeCGPA,81.34517285620844
8420,MartialStatus,65.80299861540641
3745,MartialStatus,63.80505736672517
19461,MartialStatus,68.9317813416426
15517,MartialStatus,71.27525929992547
21713,CurrentCompanyType,77.09056597854715
13959,CurrentCompanyType,83.42381772911509
15055,NA,62.23559112930263
6425,LatestDegreeCGPA,68.9265935698546
22517,DegreeBranch,79.58158343898154
15370,NA,64.59206219191202
3896,DegreeBranch,78.8220848199436
18040,MartialStatus,67.9888525728472
3711,LatestDegreeCGPA,82.66272787485744
17900,LatestDegreeCGPA,81.28575101488923
21997,CurrentCompanyType,84.72691858455968
17472,CurrentCompanyType,90.33737144331954
24330,EmpScore,84.52871995131525
14266,MartialStatus,61.00381922090039
4404,LatestDegreeCGPA,72.63070677331335
17752,DegreeBranch,85.32042855480624
11946,MartialStatus,72.84583907807983
20176,MartialStatus,64.64583165268722
22529,CurrentCompanyType,77.51710052033836
6413,MartialStatus,66.68858937011474
19679,CurrentCompanyType,73.45320503422262
14189,LatestDegreeCGPA,77.491292537683
20800,LatestDegreeCGPA,78.7112080585433
9274,DegreeBranch,79.26695490410538
14116,MartialStatus,66.30355850505157
9114,EmpScore,75.59907108184544
4643,LatestDegreeCGPA,70.83313714683804
20133,DegreeBranch,81.13453094443675
23895,MartialStatus,72.65966807154385
17257,DegreeBranch,79.40620827280328
12884,CurrentCompanyType,86.5952138526423
23257,MartialStatus,61.68657063893515
5437,DegreeBranch,84.63117776454803
11350,LatestDegreeCGPA,81.61256974873942
19665,DegreeBranch,83.25516498490451
21539,MartialStatus,69.6467738547721
20266,CurrentCompanyType,74.7491552633908
12663,CurrentCompanyType,75.4275558581903
3952,MartialStatus,64.05565552039006
18064,DegreeBranch,74.205944369216
23981,EmpScore,82.78285635413054
17353,EmpScore,73.88730893775734
14433,LatestDegreeCGPA,78.38428726422028
6897,MartialStatus,68.22018142783027
20209,LatestDegreeCGPA,78.02311956783255
11311,EmpScore,80.66164486693661
6222,DegreeBranch,75.80574862081892
13659,DegreeBranch,69.1313137566527
20608,MartialStatus,62.27680722242615
19361,MartialStatus,61.688624594160245
3566,MartialStatus,70.5480985151589
14372,MartialStatus,73.48598876707511
23153,EmpScore,81.59506080722554
9569,LatestDegreeCGPA,76.81023094320949
17965,MartialStatus,68.94841085810863
20780,MartialStatus,69.15995990117503
22559,DegreeBranch,79.56588195826947
24210,DegreeBranch,75.36263904411094
11669,DegreeBranch,82.17653731141863
8591,CurrentCompanyType,85.74523455094591
5971,MartialStatus,62.4255444978698
9371,CurrentCompanyType,89.69411592627455
21082,LatestDegreeCGPA,65.27693026818662
3214,DegreeBranch,78.26377748661353
3998,MartialStatus,69.90294661374746
5332,DegreeBranch,70.93447119647216
8090,LatestDegreeCGPA,76.6543936963225
6993,EmpScore,82.67042759233394
9527,DegreeBranch,83.60807576934032
20213,EmpScore,70.802981334844
20262,CurrentCompanyType,78.14428816699974
7159,DegreeBranch,83.48902139329303
12558,LatestDegreeCGPA,78.17567786228368
11864,MartialStatus,71.7740805867566
6823,DegreeBranch,76.54286256518304
18705,CurrentCompanyType,89.83376483565792
23626,DegreeBranch,78.07602996918669
16257,CurrentCompanyType,75.2299647085603
6630,CurrentCompanyType,90.5947665350368
4964,MartialStatus,68.99921238628716
4127,CurrentCompanyType,84.30906296673433
5384,CurrentCompanyType,91.0191391332599
20927,MartialStatus,59.88659122882796
6266,MartialStatus,69.61107502448104
12438,MartialStatus,74.71090173984261
19998,DegreeBranch,81.303708686352
3322,MartialStatus,69.79143370442365
14805,MartialStatus,68.36120635785889
13135,DegreeBranch,79.0389768215696
23664,MartialStatus,69.34806001665257
12943,LatestDegreeCGPA,79.5389827646371
8965,CurrentCompanyType,83.80486892242662
7832,EmpScore,75.39118783653649
5685,NA,69.56830277161569
4539,DegreeBranch,84.57850353471896
19795,DegreeBranch,77.74669786834117
14294,CurrentCompanyType,88.81182125505183
16017,DegreeBranch,76.7961585070121
18480,MartialStatus,62.63241280841436
18893,MartialStatus,60.217916440247315
5324,DegreeBranch,76.97550625038562
8316,DegreeBranch,87.61924908399078
9816,CurrentCompanyType,72.39364520724729
11325,CurrentCompanyType,86.56851018024457
19901,EmpScore,74.82330252969076
2574,CurrentCompanyType,91.51963786292919
4069,LatestDegreeCGPA,81.98296993216381
17431,CurrentCompanyType,74.89749001994565
14493,CurrentCompanyType,88.08005320458452
15151,DegreeBranch,73.26688446737009
18171,CurrentCompanyType,75.18572848434924
11682,MartialStatus,55.286862901461156
10086,DegreeBranch,77.29353390651602
5330,MartialStatus,64.70915814476429
8296,MartialStatus,67.78447216415917
16866,DegreeBranch,76.52057059866546
23067,CurrentCompanyType,88.17768268262037
15312,DegreeBranch,83.70800883250226
19285,LatestDegreeCGPA,78.09383023423214
12488,CurrentCompanyType,76.20827500747484
16398,CurrentCompanyType,72.92744036479152
18500,CurrentCompanyType,90.4731152152554
12297,MartialStatus,69.49586681933029
12300,EmpScore,77.54270528089847
14149,DegreeBranch,79.83467278230627
21267,DegreeBranch,87.05269852620123
15465,CurrentCompanyType,86.08777456163665
23661,CurrentCompanyType,79.49473411161239
17275,DegreeBranch,74.44526953864408
23264,NA,71.95289531857262
17802,LatestDegreeCGPA,83.25138213919998
16591,MartialStatus,74.63108744803176
17489,DegreeBranch,79.15435673626823
13729,MartialStatus,65.46884394775546
3267,LatestDegreeCGPA,88.1681428915552
19907,MartialStatus,62.52215379856335
23866,MartialStatus,76.14695445210737
2425,DegreeBranch,76.38933578996146
16425,DegreeBranch,77.1516869578702
3643,CurrentCompanyType,84.08719136456595
10804,MartialStatus,69.55157279542206
21866,MartialStatus,68.31301034174457
8943,CurrentCompanyType,90.49541117391233
11545,DegreeBranch,77.91588322376478
9125,CurrentCompanyType,89.16547642277612
18041,CurrentCompanyType,81.55571324518247
4712,MartialStatus,65.41350107686817
3065,MartialStatus,63.572531389218824
23441,DegreeBranch,77.66973178756916
15864,CurrentCompanyType,87.56211427362794
9413,CurrentCompanyType,78.95951519342785
22791,DegreeBranch,69.05355081325177
4368,CurrentCompanyType,84.5479226994454
15472,MartialStatus,61.509560025081626
12634,DegreeBranch,78.28684929402675
15450,MartialStatus,75.11499615696434
12385,MartialStatus,63.421500714726264
16890,DegreeBranch,84.58897274868511
6869,NA,68.2427415244385
22048,CurrentCompanyType,81.22755019367378
13700,DegreeBranch,80.11861307605186
7476,CurrentCompanyType,88.23582752403584
14884,DegreeBranch,80.06587397957603
11752,DegreeBranch,77.36367628257551
10594,CurrentCompanyType,87.5339905173523
12697,EmpScore,77.57711557433967
20316,MartialStatus,66.1891508607056
4257,MartialStatus,72.34019081855442
7590,LatestDegreeCGPA,70.60290088678471
4721,MartialStatus,65.95072385075008
16979,DegreeBranch,77.27728049240696
5064,MartialStatus,69.3620559425266
5718,DegreeBranch,78.7390870048684
21769,MartialStatus,69.39817296795748
23912,LatestDegreeCGPA,76.57103712927471
4288,MartialStatus,64.98852417094184
5818,CurrentCompanyType,79.54958075949394
6943,EmpScore,72.49903424259661
12617,MartialStatus,67.575085194214
5184,LatestDegreeCGPA,71.78401808501279
14564,LatestDegreeCGPA,84.250353000642
20626,DegreeBranch,77.81872367389505
23356,EmpScore,75.30579532932143
17303,LatestDegreeCGPA,71.02830363452568
2794,DegreeBranch,71.96715972396325
12695,EmpScore,83.39474293427574
15676,MartialStatus,70.8578251491452
20093,LatestDegreeCGPA,76.66111372620597
13522,CurrentCompanyType,77.21881386165654
2925,CurrentCompanyType,79.11282799987514
21687,DegreeBranch,75.54053193118246
14941,MartialStatus,67.86342254773388
22689,CurrentCompanyType,84.28069104288036
4146,NA,65.50640482891218
7751,LatestDegreeCGPA,76.68465578728852
9778,MartialStatus,68.75001422456633
7847,MartialStatus,70.04674035583095
21681,MartialStatus,64.62296211660612
20371,CurrentCompanyType,83.15580676801477
21564,MartialStatus,69.96513007835767
18351,CurrentCompanyType,72.53278498645773
18792,LatestDegreeCGPA,90.8214566196958
9223,NA,70.82384092535912
21109,MartialStatus,70.61053751695361
21873,DegreeBranch,77.70716919182088
19006,MartialStatus,71.39543422953705
9127,MartialStatus,71.66666376914189
20696,DegreeBranch,75.78478512455732
12379,MartialStatus,68.43979898633447
20532,LatestDegreeCGPA,76.75423497559272
10691,LatestDegreeCGPA,83.60232770271656
23671,CurrentCompanyType,87.33757632676378
8108,DegreeBranch,84.48738241583871
2136,MartialStatus,68.59150382316226
3650,MartialStatus,69.38710181203979
20369,MartialStatus,63.53410623950333
11822,LatestDegreeCGPA,81.31370152504029
13292,CurrentCompanyType,78.93819263236169
4585,MartialStatus,74.50818352413927
23212,DegreeBranch,78.7424742399245
4315,NA,64.16257843223809
20670,MartialStatus,73.56627162694971
18483,CurrentCompanyType,80.17869789849135
6467,DegreeBranch,73.23524155851747
7238,MartialStatus,68.45625604760288
18582,CurrentCompanyType,94.27639370981305
5844,DegreeBranch,82.0458797352444
8107,NA,55.11509700232572
16120,CurrentCompanyType,72.72319444442216
24352,DegreeBranch,81.25645212749728
7546,LatestDegreeCGPA,86.87169675984816
9188,CurrentCompanyType,82.58014094836614
7964,MartialStatus,60.46704452914229
12678,CurrentCompanyType,82.98779311754697
10184,DegreeBranch,78.46926387260253
3120,MartialStatus,51.71037259314539
6334,NA,74.92086836104822
6974,CurrentCompanyType,72.83073988675447
18952,CurrentCompanyType,74.05600123714297
24202,LatestDegreeCGPA,79.57532545318759
10334,MartialStatus,65.7961702273307
9878,LatestDegreeCGPA,81.0255238035579
10520,MartialStatus,62.259590418029944
4100,LatestDegreeCGPA,82.87131963886236
14662,MartialStatus,69.14409135589547
7066,MartialStatus,63.08256621437357
2122,MartialStatus,63.57249875810745
19032,DegreeBranch,82.3445479366892
14715,DegreeBranch,78.36926292342996
16707,MartialStatus,66.17357830789437
21651,MartialStatus,68.94633754824311
17936,DegreeBranch,75.80484083723528
9800,DegreeBranch,79.15305346077679
19194,MartialStatus,66.22180703711145
8290,LatestDegreeCGPA,76.35879217539367
19464,MartialStatus,65.2532907399245
11532,DegreeBranch,75.87297723321015
22227,MartialStatus,65.33160219879528
3958,MartialStatus,66.67993091482194
7075,DegreeBranch,86.26597848261437
23241,DegreeBranch,80.7850007604537
13120,MartialStatus,69.97259899945603
11172,MartialStatus,68.19051171042955
14065,LatestDegreeCGPA,73.99303449869014
20819,MartialStatus,55.72035450887334
2317,LatestDegreeCGPA,80.23296015575556
21794,DegreeBranch,73.14915349838299
2441,DegreeBranch,80.13067132912796
9290,CurrentCompanyType,77.67258600504964
7820,CurrentCompanyType,85.90420616591413
9934,MartialStatus,74.23367205521073
2569,DegreeBranch,78.64317231959558
7761,DegreeBranch,74.26599006142251
4780,CurrentCompanyType,83.08521166790803
3059,LatestDegreeCGPA,89.16945992728174
4738,DegreeBranch,77.08579422042169
9340,MartialStatus,72.23608619554257
14728,LatestDegreeCGPA,68.82008181802152
22924,DegreeBranch,80.97296038914239
9309,DegreeBranch,78.02481025830967
2402,CurrentCompanyType,80.47283385308884
14097,CurrentCompanyType,91.44583241329477
6938,LatestDegreeCGPA,79.25560726191738
23762,LatestDegreeCGPA,88.99404799019058
18187,DegreeBranch,80.40963127705507
15910,DegreeBranch,80.43473628006811
16419,LatestDegreeCGPA,79.980150904899
18800,MartialStatus,68.50227662686254
17953,MartialStatus,70.56237567156164
11351,MartialStatus,62.6294544941868
17757,MartialStatus,66.67295588392375
21222,CurrentCompanyType,88.31485115915518
23273,MartialStatus,69.2912874293355
7676,LatestDegreeCGPA,77.7153563995375
18849,CurrentCompanyType,88.04324106948903
19561,MartialStatus,64.00884877843204
8163,EmpScore,84.32975625029563
5810,MartialStatus,67.59718822429487
14617,MartialStatus,54.89273005337325
20037,CurrentCompanyType,75.48595841018903
10384,CurrentCompanyType,81.1908801836811
14667,DegreeBranch,78.10721566375851
3996,LatestDegreeCGPA,82.32771107775334
17973,EmpScore,67.40846427614191
15155,MartialStatus,70.80631980417347
7024,CurrentCompanyType,90.04604278824587
11594,MartialStatus,66.67334946511643
10161,CurrentCompanyType,77.59237133331791
13807,MartialStatus,66.53759678466345
15127,MartialStatus,63.05104414721768
12083,LatestDegreeCGPA,71.24244964959333
7576,LatestDegreeCGPA,70.0158489387784
11603,MartialStatus,69.24898398657332
12513,MartialStatus,67.52266919406458
21265,DegreeBranch,81.85242042413346
15209,MartialStatus,71.81813934156914
4205,DegreeBranch,81.56411459015575
2308,MartialStatus,69.73274468930751
10666,LatestDegreeCGPA,85.52305945652483
8874,DegreeBranch,81.6744121182835
20943,LatestDegreeCGPA,81.36489124396375
21341,MartialStatus,70.92242088096295
11929,LatestDegreeCGPA,84.35973708822407
15618,LatestDegreeCGPA,81.88983775869565
8740,DegreeBranch,80.66782581127396
23195,EmpScore,78.81221741008345
20952,MartialStatus,66.91494261401873
18069,CurrentCompanyType,88.85466448050218
20957,NA,73.48376535494
16589,MartialStatus,70.94678117866489
3496,MartialStatus,70.07348043787637
2343,MartialStatus,66.6098565165873
2877,MartialStatus,70.22071884759042
24219,DegreeBranch,75.61302181748319
23592,DegreeBranch,79.50703974889474
18216,DegreeBranch,76.10249246454755
16658,MartialStatus,66.49238425509753
19023,MartialStatus,62.40357805528743
22920,DegreeBranch,72.86738191280617
7952,DegreeBranch,78.36161250566197
4491,EmpScore,75.85214607100747
8270,MartialStatus,70.46821199858871
14950,MartialStatus,64.4779458594232
18140,DegreeBranch,81.72591895342221
2627,CurrentCompanyType,76.11849565082275
16576,CurrentCompanyType,77.46374022904561
9084,LatestDegreeCGPA,72.81416255492344
14773,CurrentCompanyType,79.74118205821154
16744,DegreeBranch,73.31283955510871
8705,MartialStatus,68.50313793161862
10856,DegreeBranch,79.4103294284464
16162,MartialStatus,71.06407167382514
20655,MartialStatus,69.45390349468352
10408,LatestDegreeCGPA,74.42737138255652
13447,DegreeBranch,82.29219052328953
4841,DegreeBranch,81.74401401746735
16935,DegreeBranch,73.9503169561934
14923,DegreeBranch,69.54780086491246
3770,MartialStatus,66.33945443582613
22609,LatestDegreeCGPA,71.12361297988608
24252,DegreeBranch,78.48780599290822
4266,LatestDegreeCGPA,84.70048793229542
17882,NA,72.07155187226068
18083,MartialStatus,68.11056721852735
21193,DegreeBranch,76.46718270319451
9931,EmpScore,79.12335878911323
6448,EmpScore,72.58844651038139
15551,EmpScore,77.56768546696199
13986,MartialStatus,71.13210868727518
8503,DegreeBranch,80.21738251325395
13176,DegreeBranch,73.1244895767259
18449,LatestDegreeCGPA,79.13177009603878
10475,DegreeBranch,76.14302477394767
2353,EmpScore,79.5176852556358
7453,DegreeBranch,81.46819800766654
13871,CurrentCompanyType,88.19925801957655
9245,LatestDegreeCGPA,84.10321419813303
19805,MartialStatus,69.36615454023274
18707,DegreeBranch,74.60326094917293
18766,MartialStatus,74.41259041361137
22132,MartialStatus,57.51098896892921
21544,CurrentCompanyType,77.7956106321629
18052,CurrentCompanyType,85.3684318181366
4166,CurrentCompanyType,86.51518437137203
23939,DegreeBranch,69.04291271406883
8234,EmpScore,70.52717226002838
18973,LatestDegreeCGPA,82.52759467242993
2976,LatestDegreeCGPA,68.11425631898281
2632,DegreeBranch,88.23314707493334
21202,MartialStatus,71.19285072181175
21537,MartialStatus,75.0928378920954
7644,MartialStatus,67.36464426980056
19725,LatestDegreeCGPA,76.42651441460833
23424,LatestDegreeCGPA,76.26092807993064
20805,DegreeBranch,81.8241186377299
3419,MartialStatus,73.8367434971242
11277,CurrentCompanyType,74.86621855197077
13130,MartialStatus,70.10967866972895
14730,MartialStatus,62.15993700561846
9751,DegreeBranch,83.00965088255457
9421,LatestDegreeCGPA,69.39464902014691
12365,MartialStatus,70.42200032150994
13790,DegreeBranch,76.21630439133754
17631,CurrentCompanyType,72.8543044596314
9614,LatestDegreeCGPA,78.54115532958964
17875,CurrentCompanyType,76.52855200177548
16880,MartialStatus,75.50405600231122
11004,MartialStatus,68.7286124129387
2357,LatestDegreeCGPA,79.49677374755251
22553,DegreeBranch,79.84091724120665
17445,CurrentCompanyType,86.84780682198905
19899,DegreeBranch,74.5351852317263
12142,LatestDegreeCGPA,76.30738474846962
3057,CurrentCompanyType,89.2191881835958
23777,LatestDegreeCGPA,78.20839334370292
3163,CurrentCompanyType,73.54631083792978
17624,CurrentCompanyType,85.87022490796086
16420,MartialStatus,66.38869502991462
7613,LatestDegreeCGPA,82.62637082983805
23486,LatestDegreeCGPA,69.68934539438585
6835,CurrentCompanyType,78.29770140216598
10928,DegreeBranch,72.16898461132644
16470,MartialStatus,66.33610080698224
9861,CurrentCompanyType,70.30916049676071
16962,LatestDegreeCGPA,73.44778661077628
6603,MartialStatus,59.807956692374574
11967,LatestDegreeCGPA,78.50271353191754
9938,NA,68.9379687688906
11530,DegreeBranch,77.31378235479356
16122,DegreeBranch,78.2230493786792
8999,NA,70.91321246278451
8781,DegreeBranch,78.047774586678
21993,DegreeBranch,76.18608588507807
9303,DegreeBranch,78.31818999939642
14387,MartialStatus,69.93770763104735
17642,CurrentCompanyType,74.75117375409872
16773,LatestDegreeCGPA,74.42711832214846
21172,MartialStatus,70.78163176999897
19142,CurrentCompanyType,76.04850836320604
16184,LatestDegreeCGPA,81.80346939737777
14204,DegreeBranch,72.77165700269764
12929,CurrentCompanyType,91.20984870973041
6677,CurrentCompanyType,79.50299066054859
18445,DegreeBranch,76.58637412349862
11942,DegreeBranch,78.32486022793833
16695,MartialStatus,74.83142956761915
17399,CurrentCompanyType,81.61695669650581
2699,CurrentCompanyType,77.47227346781088
5339,LatestDegreeCGPA,68.94430033129822
7735,DegreeBranch,77.93518768138226
6108,DegreeBranch,81.07491095643563
20963,DegreeBranch,86.19315134550024
3639,MartialStatus,70.87704676377467
14780,MartialStatus,62.9863210387306
16039,EmpScore,68.53954905497508
11132,MartialStatus,68.34553981276653
20396,CurrentCompanyType,79.23147051832288
9492,DegreeBranch,75.96168095366083
20180,DegreeBranch,83.28011709346904
6178,MartialStatus,69.63488561309899
9995,MartialStatus,65.81710616521119
16878,MartialStatus,69.27961797093691
17847,DegreeBranch,79.07003403373363
23297,CurrentCompanyType,80.63060264777091
5268,DegreeBranch,77.5951634726481
6676,MartialStatus,70.98523747496051
11446,LatestDegreeCGPA,76.61455378134967
8681,DegreeBranch,76.50657665889635
14377,CurrentCompanyType,86.71200736291817
18470,DegreeBranch,70.3663884926811
17718,CurrentCompanyType,75.98542892955403
8515,CurrentCompanyType,81.30780569666625
14303,CurrentCompanyType,83.80066463777628
24081,DegreeBranch,74.5047150045145
18655,LatestDegreeCGPA,89.50169636525925
4874,LatestDegreeCGPA,71.88473753027122
20704,LatestDegreeCGPA,83.41153410513961
11457,MartialStatus,72.83911354868742
4696,EmpScore,67.69637117168126
18844,EmpScore,83.3518967989877
3551,DegreeBranch,86.78388514162556
17481,LatestDegreeCGPA,79.44230031703721
13028,LatestDegreeCGPA,79.42104529752467
8340,MartialStatus,67.3946969211119
8356,MartialStatus,66.8961694299421
5823,MartialStatus,64.74607306034608
7840,CurrentCompanyType,85.94607503629842
17635,MartialStatus,73.22694182318388
11849,EmpScore,79.80599185956945
4229,LatestDegreeCGPA,77.3003933315436
11431,CurrentCompanyType,79.36622044181635
13166,CurrentCompanyType,85.54956120739479
14985,CurrentCompanyType,89.08391360829337
11696,DegreeBranch,79.60860521044746
13193,CurrentCompanyType,74.93101898425846
19449,LatestDegreeCGPA,71.16798472173029
14238,CurrentCompanyType,78.54641671275932
4509,LatestDegreeCGPA,73.74535671425184
3052,LatestDegreeCGPA,85.28827049007404
15548,LatestDegreeCGPA,86.63980370116599
3693,MartialStatus,65.10494458367506
3658,CurrentCompanyType,89.10128953152636
4577,LatestDegreeCGPA,78.44378434618626
12692,CurrentCompanyType,85.92535502824886
17156,CurrentCompanyType,90.09328972108811
2710,DegreeBranch,82.58937684781061
20429,MartialStatus,65.39148298054324
14736,CurrentCompanyType,87.36098831477022
24010,DegreeBranch,84.02560662371789
20638,MartialStatus,66.24987710781758
11281,MartialStatus,63.846294496785006
12627,CurrentCompanyType,93.55387410908195
9811,EmpScore,80.04474723739705
15768,MartialStatus,59.11891375973515
22504,MartialStatus,64.35235273776927
23829,MartialStatus,69.97700535226946
5862,MartialStatus,59.529653934567925
18002,MartialStatus,55.55277515855404
20096,DegreeBranch,76.83685862834653
12475,LatestDegreeCGPA,75.97711869776644
9493,DegreeBranch,81.8767780454816
20509,CurrentCompanyType,81.87708436109489
22581,CurrentCompanyType,85.92056684025113
8640,DegreeBranch,82.1361271441227
6522,MartialStatus,66.11241698943566
5242,CurrentCompanyType,79.21061443353562
20048,EmpScore,76.41281340325567
20073,MartialStatus,66.61568424811446
5285,CurrentCompanyType,83.77163017282999
18789,DegreeBranch,82.26254669168932
23144,LatestDegreeCGPA,72.94082280949185
23485,DegreeBranch,77.17167540859751
10866,CurrentCompanyType,87.50574985525448
17398,LatestDegreeCGPA,88.27266135954682
2180,MartialStatus,70.65040361841969
14471,DegreeBranch,79.14136342901793
2066,CurrentCompanyType,89.17363898188128
12579,MartialStatus,67.56396672355109
6936,CurrentCompanyType,88.0554402176741
18594,LatestDegreeCGPA,68.77196664599794
3087,NA,71.20413394440237
15260,MartialStatus,72.71520478116085
4048,LatestDegreeCGPA,70.81366163118756
22616,CurrentCompanyType,75.70822325080245
5932,LatestDegreeCGPA,79.46009814965367
18305,MartialStatus,69.59166405313397
2871,MartialStatus,67.61498464660227
14604,LatestDegreeCGPA,75.65520383924706
8827,MartialStatus,74.6846555508629
20293,DegreeBranch,79.56781087493644
16020,CurrentCompanyType,89.36728186368032
17011,MartialStatus,65.7376829477318
9242,CurrentCompanyType,85.68099541038785
4523,CurrentCompanyType,81.4715060617153
22499,CurrentCompanyType,73.92436124885657
5077,CurrentCompanyType,73.09755882465255
4954,MartialStatus,69.62874291404522
21377,MartialStatus,65.00398966954174
6593,CurrentCompanyType,89.26380477761529
6462,CurrentCompanyType,85.33979217306563
7336,DegreeBranch,79.24729036315459
10574,CurrentCompanyType,85.22868222538851
14692,MartialStatus,71.49662289825513
8824,DegreeBranch,80.97708426898632
16028,MartialStatus,71.44788887289207
13805,MartialStatus,65.77831049411259
3520,DegreeBranch,77.00752757591292
18923,MartialStatus,59.424906161576764
14292,DegreeBranch,76.81929707614634
7104,DegreeBranch,76.6090635716132
2980,MartialStatus,64.16344357966898
2025,DegreeBranch,82.22644216041654
9002,MartialStatus,66.37290150481365
3126,MartialStatus,71.6845873062239
5586,MartialStatus,65.7711555349969
3420,CurrentCompanyType,84.35355192385435
9545,DegreeBranch,79.23939922591151
20939,CurrentCompanyType,79.07475290462546
20236,MartialStatus,73.0235951183464
3975,CurrentCompanyType,85.93332751252936
6951,DegreeBranch,77.71634604636793
16678,LatestDegreeCGPA,79.8760238358282
11510,CurrentCompanyType,78.36156931507969
11968,DegreeBranch,69.24513029879208
23118,DegreeBranch,73.3248985754023
9138,LatestDegreeCGPA,86.68889940923177
18374,DegreeBranch,81.75755131075974
4364,LatestDegreeCGPA,77.72804407997874
23261,LatestDegreeCGPA,80.84881090458836
16502,CurrentCompanyType,82.9589300885516
15432,DegreeBranch,76.44542821545424
17025,DegreeBranch,76.86046288755544
17086,LatestDegreeCGPA,87.18309753937271
18716,DegreeBranch,75.77587355835847
23594,MartialStatus,71.14362629558596
6890,CurrentCompanyType,85.65091618267877
6986,DegreeBranch,77.49147742134893
5028,DegreeBranch,78.19528699425986
7108,MartialStatus,63.90636226461817
5003,LatestDegreeCGPA,81.25779776523133
4183,MartialStatus,67.90575556976538
17274,MartialStatus,61.4375705650094
6789,CurrentCompanyType,73.19706625986413
6922,CurrentCompanyType,87.70409469478089
14734,NA,70.56958612715866
7747,MartialStatus,66.40123301171243
21269,DegreeBranch,81.31875532225575
9271,NA,70.00419691865926
7857,MartialStatus,66.58924226245688
16227,EmpScore,79.4989161713581
3750,MartialStatus,66.28920771867092
17102,CurrentCompanyType,87.50071018673283
13917,MartialStatus,67.23244025003316
17326,CurrentCompanyType,78.79385288512177
7123,DegreeBranch,76.88963214302782
6845,DegreeBranch,78.59083335909038
4321,DegreeBranch,80.70910461897365
22731,MartialStatus,61.644092482268135
9059,DegreeBranch,75.20618893340891
5210,LatestDegreeCGPA,76.78871501335671
16631,CurrentCompanyType,82.20563254994924
7469,CurrentCompanyType,85.49923744570647
13953,DegreeBranch,83.20346370503286
21029,DegreeBranch,74.40747799252108
10297,DegreeBranch,77.83871874578831
10108,MartialStatus,77.5844096738659
3879,CurrentCompanyType,85.49854632175135
14547,LatestDegreeCGPA,78.34917275260207
11596,DegreeBranch,76.593800875245
9570,DegreeBranch,79.08659510830263
9877,MartialStatus,71.26296860418405
19664,LatestDegreeCGPA,75.69943355967992
5796,EmpScore,74.90195139830202
16075,EmpScore,67.65285524853121
7320,CurrentCompanyType,89.04069518227783
20058,CurrentCompanyType,72.09793188625217
23765,MartialStatus,69.07927343814029
11094,CurrentCompanyType,90.96794292625798
17782,CurrentCompanyType,86.3743661721717
5126,DegreeBranch,83.77440857759333
20169,CurrentCompanyType,86.22049017153094
15337,DegreeBranch,72.25987727458522
4214,DegreeBranch,83.19265388563343
6015,LatestDegreeCGPA,76.71348574195756
14271,DegreeBranch,80.77477223882472
14365,MartialStatus,61.269912415901814
10020,MartialStatus,65.35026213817092
15023,CurrentCompanyType,88.79547206997773
18494,EmpScore,76.36458986562573
4837,DegreeBranch,76.70568504059047
18511,DegreeBranch,77.38279767563253
17336,CurrentCompanyType,88.99557145474682
23796,LatestDegreeCGPA,84.35384580980877
22860,MartialStatus,71.39928469698387
19964,DegreeBranch,84.70857213749625
9857,DegreeBranch,81.51057714364667
11394,CurrentCompanyType,88.75368905981654
14028,DegreeBranch,77.9006794258469
13534,LatestDegreeCGPA,76.51756517752862
15702,DegreeBranch,77.15772073579143
12077,MartialStatus,68.38060881291756
9886,EmpScore,80.08621432737897
18755,DegreeBranch,79.16611187071126
10716,DegreeBranch,75.73379489651067
21221,CurrentCompanyType,86.74568303209884
5498,DegreeBranch,78.38805137354757
18012,DegreeBranch,78.71081246989212
20584,CurrentCompanyType,92.67717834436894
9003,CurrentCompanyType,77.99999401571944
21596,DegreeBranch,77.8981819051574
24303,DegreeBranch,73.82851066407605
23210,MartialStatus,73.71180521847656
3705,CurrentCompanyType,85.73681193515984
9904,LatestDegreeCGPA,75.26162754224976
16622,CurrentCompanyType,85.12058880433841
23621,MartialStatus,71.03254122330686
7026,DegreeBranch,80.75400068257349
7122,DegreeBranch,79.72761451423321
24383,DegreeBranch,74.14189237375102
7145,DegreeBranch,83.247314178174
19615,DegreeBranch,74.79854508021091
15154,EmpScore,70.62831077104897
7593,CurrentCompanyType,84.25461268030018
11840,MartialStatus,71.88476854075068
22258,MartialStatus,65.19759922896816
3066,MartialStatus,63.48056759554272
4941,CurrentCompanyType,91.40932000993288
7291,EmpScore,83.64264509283818
6512,CurrentCompanyType,79.36790660733485
18262,MartialStatus,59.10842417933231
6807,LatestDegreeCGPA,79.97870662321657
3571,CurrentCompanyType,78.52015064127383
13400,LatestDegreeCGPA,75.33624459787998
4926,DegreeBranch,79.90915108730827
20809,CurrentCompanyType,84.72667511462416
10431,DegreeBranch,82.67879962653664
9577,LatestDegreeCGPA,84.26205408613811
9078,CurrentCompanyType,86.23647680725541
16817,NA,71.10068403702745
23649,DegreeBranch,80.39934833746044
16144,LatestDegreeCGPA,79.08673563926725
9951,DegreeBranch,78.44704209280067
11628,CurrentCompanyType,83.87541481144116
20931,LatestDegreeCGPA,84.64664374766294
11068,DegreeBranch,77.90478054525644
16914,MartialStatus,68.07987000919196
4217,DegreeBranch,81.35971061936016
3170,CurrentCompanyType,78.41414707735748
11239,CurrentCompanyType,89.77791075556038
18845,DegreeBranch,73.27684333881511
19321,EmpScore,79.16520976128899
15538,MartialStatus,72.20561619783908
17957,MartialStatus,68.82457503028262
11040,LatestDegreeCGPA,88.78009686054145
3539,CurrentCompanyType,86.36979273838307
22970,DegreeBranch,77.14917686129718
22936,DegreeBranch,81.98506451635458
15917,LatestDegreeCGPA,66.79853959452902
21918,CurrentCompanyType,84.54334357785046
5069,CurrentCompanyType,87.22526418828281
6282,MartialStatus,69.6611152864342
6719,DegreeBranch,83.41344837142718
15742,DegreeBranch,78.91070136982871
3144,LatestDegreeCGPA,83.54361434503903
9462,CurrentCompanyType,87.8563469187782
20810,LatestDegreeCGPA,88.00013816822752
5150,DegreeBranch,74.22492894554989
15178,MartialStatus,66.02751826088135
15249,CurrentCompanyType,74.42071960275692
24000,CurrentCompanyType,82.0814562906413
6918,DegreeBranch,74.66358001961241
9038,MartialStatus,60.06410737543058
3985,LatestDegreeCGPA,74.45413209889225
9776,CurrentCompanyType,87.69811707006151
11223,MartialStatus,64.87996713114958
21091,DegreeBranch,75.45129387915505
11120,MartialStatus,72.91232067908247
3578,DegreeBranch,79.35858661167512
13296,MartialStatus,62.828203871079246
7800,DegreeBranch,79.29415597736457
4289,MartialStatus,65.66145273665902
16108,DegreeBranch,76.89115892549177
10227,DegreeBranch,80.61714783993975
13282,CurrentCompanyType,91.66383453663687
9589,MartialStatus,65.61479287213257
15996,CurrentCompanyType,90.55448746001848
6686,MartialStatus,73.7683749272676
12175,MartialStatus,71.852122396636
13563,MartialStatus,63.26924036965326
24106,NA,76.11503025850476
21498,DegreeBranch,75.06379510643171
16027,NA,71.79895033496602
12977,CurrentCompanyType,92.13694927563925
5886,DegreeBranch,76.43417528879596
11487,MartialStatus,73.5471623275109
10591,DegreeBranch,78.96963166865591
4421,CurrentCompanyType,84.84025809580805
16292,DegreeBranch,77.71386226337081
16923,MartialStatus,75.23553302672923
9665,MartialStatus,67.37374567850462
8285,MartialStatus,67.31034302136611
18177,DegreeBranch,83.86244289332592
20774,MartialStatus,73.75670999548603
17187,DegreeBranch,78.15153661112893
16583,CurrentCompanyType,81.03118199349608
3147,MartialStatus,67.2161104052104
3430,MartialStatus,67.74246724122584
9165,DegreeBranch,79.62393150263989
10270,DegreeBranch,77.20281322044313
24279,DegreeBranch,79.75667262371454
12081,MartialStatus,62.28926220611712
23979,CurrentCompanyType,81.36291763716537
16966,CurrentCompanyType,83.33627515959621
10164,DegreeBranch,82.82213353637961
22117,DegreeBranch,81.07257602283536
9111,MartialStatus,58.06359486984217
5419,CurrentCompanyType,79.89312556198331
7876,EmpScore,79.22965425852622
23750,MartialStatus,66.13683672460577
6287,DegreeBranch,76.49858184183488
22136,EmpScore,79.79530188772233
10430,EmpScore,79.46473219058332
17871,MartialStatus,64.61154904072164
5439,DegreeBranch,81.27393957818997
18011,MartialStatus,56.959129461928704
7723,CurrentCompanyType,75.13343218472619
2490,LatestDegreeCGPA,77.39840567812382
12098,LatestDegreeCGPA,80.4127215793491
18608,CurrentCompanyType,88.30932314220115
20423,MartialStatus,66.57030760474974
16703,NA,74.99126511352775
3588,DegreeBranch,84.57297040061738
23917,MartialStatus,63.99282944730083
17419,MartialStatus,63.0357957942509
19629,CurrentCompanyType,86.22362740671213
14778,LatestDegreeCGPA,76.35625519216516
23381,MartialStatus,76.05828479328605
6058,MartialStatus,75.83011389552732
2724,CurrentCompanyType,81.8889782272848
9632,CurrentCompanyType,87.01676299286322
18599,DegreeBranch,72.49433655015065
13169,DegreeBranch,75.15971635306737
22285,NA,72.14085084795667
5276,DegreeBranch,81.21649538557344
11555,MartialStatus,65.93890586685649
4924,MartialStatus,69.22228095350005
14006,LatestDegreeCGPA,74.6785877631307
20113,MartialStatus,68.11694282405611
17523,LatestDegreeCGPA,78.4121706733954
6842,CurrentCompanyType,74.58234711544965
21241,LatestDegreeCGPA,75.16228664371307
8559,LatestDegreeCGPA,70.66477921510534
3265,MartialStatus,59.69265607379266
17640,CurrentCompanyType,86.45813468702781
21354,EmpScore,78.68357269453313
14310,EmpScore,82.72894461481842
18865,MartialStatus,66.03743353289006
19382,DegreeBranch,75.7146940400484
14327,CurrentCompanyType,84.1801681413476
19480,MartialStatus,68.66935440910302
13038,CurrentCompanyType,84.72471794969468
9727,EmpScore,75.25990263303092
12322,DegreeBranch,76.79028040633106
22608,DegreeBranch,81.89083898748396
13170,CurrentCompanyType,72.65770239413258
12271,CurrentCompanyType,79.9221790130873
23620,MartialStatus,70.15868982342097
16442,MartialStatus,69.37100818844596
7824,CurrentCompanyType,86.35404030102735
21374,LatestDegreeCGPA,83.12761318638918
10169,MartialStatus,66.15099507514016
2801,MartialStatus,62.28774224673097
2364,DegreeBranch,76.79459136371698
3702,EmpScore,72.10005988988004
17941,LatestDegreeCGPA,77.430607878561
23300,NA,67.15152327643071
19852,MartialStatus,68.05293129562318
13765,MartialStatus,62.83958676719517
15388,DegreeBranch,59.63538003421869
16432,MartialStatus,70.46707454984781
11375,DegreeBranch,80.16598565930747
19329,LatestDegreeCGPA,71.60501854258902
18288,DegreeBranch,83.43334004520707
21801,LatestDegreeCGPA,82.11829353339907
19475,MartialStatus,64.56686003334737
11250,CurrentCompanyType,90.33857306419692
20551,DegreeBranch,78.25862713958227
21559,LatestDegreeCGPA,74.54339240071546
12275,DegreeBranch,77.69474357290136
22469,MartialStatus,68.01766264149077
3668,LatestDegreeCGPA,71.20214175247949
11433,DegreeBranch,83.12571447637754
8061,LatestDegreeCGPA,78.06174667188182
7297,MartialStatus,68.4179948943774
10673,MartialStatus,64.07429311933561
7006,MartialStatus,73.99829476906368
7938,MartialStatus,67.29139156170294
13442,MartialStatus,69.40304228732357
20070,DegreeBranch,74.87698988021083
12054,DegreeBranch,79.19642653794571
23290,DegreeBranch,80.09027965290898
23569,DegreeBranch,74.39439996794093
12760,MartialStatus,63.90706312168555
10596,DegreeBranch,76.92467804766505
11568,DegreeBranch,70.72077105778668
19846,LatestDegreeCGPA,72.33865569210232
11852,EmpScore,77.3247575352149
14410,MartialStatus,74.8971622333714
14522,MartialStatus,68.74131423682014
23222,MartialStatus,72.7337484937799
10386,CurrentCompanyType,85.23961261673395
24172,CurrentCompanyType,74.38990028879023
4019,DegreeBranch,80.12071907013592
8494,MartialStatus,62.540845776172524
19619,MartialStatus,65.33469373560962
15135,LatestDegreeCGPA,73.99783166633105
5607,CurrentCompanyType,87.17138973679351
7504,LatestDegreeCGPA,75.7013248075587
9124,LatestDegreeCGPA,81.17198347228577
9339,DegreeBranch,75.8080410979494
4882,NA,72.5916350680209
12590,DegreeBranch,81.81541595481661
16237,MartialStatus,71.16547026491018
4522,LatestDegreeCGPA,76.85628331751604
8982,CurrentCompanyType,82.82058135152309
24253,MartialStatus,76.12752048793432
19230,LatestDegreeCGPA,75.91060177570722
13000,CurrentCompanyType,90.87725469958423
23928,DegreeBranch,82.66810081615411
16627,MartialStatus,68.59036228143118
20665,CurrentCompanyType,74.71461843189098
21301,LatestDegreeCGPA,75.97949925861008
19440,MartialStatus,70.82124665584394
14095,LatestDegreeCGPA,79.15703777336495
12835,LatestDegreeCGPA,76.93677288765454
7606,DegreeBranch,77.1942739817432
6575,DegreeBranch,70.40742492289017
11275,EmpScore,80.9340921149125
11124,LatestDegreeCGPA,74.73333608728862
11877,CurrentCompanyType,74.12520551461068
14795,MartialStatus,72.23788524034941
13342,DegreeBranch,80.2131621752311
10125,MartialStatus,60.23374883786502
5991,DegreeBranch,79.29320907881346
21558,LatestDegreeCGPA,71.40131663920074
13234,DegreeBranch,82.5772649129781
4436,LatestDegreeCGPA,82.66921160906185
8373,MartialStatus,67.16699919452817
4734,CurrentCompanyType,91.3224543748705
5039,CurrentCompanyType,87.61490013175995
19087,DegreeBranch,81.06840128584847
13535,DegreeBranch,77.32779975827617
2621,LatestDegreeCGPA,76.92021237484886
18544,CurrentCompanyType,80.49056861490946
6509,MartialStatus,63.159329575868085
22699,DegreeBranch,78.68691322774094
10903,CurrentCompanyType,87.25799365019698
4362,DegreeBranch,79.09539082530588
6925,DegreeBranch,84.09749322397676
22573,DegreeBranch,80.20784003920107
22667,CurrentCompanyType,73.26812278729909
12563,MartialStatus,70.9346573775162
21608,MartialStatus,65.058160608215
9086,DegreeBranch,80.89539521187774
8034,MartialStatus,63.81230036877945
23550,DegreeBranch,81.64678130681028
14803,DegreeBranch,75.97213794782924
11092,DegreeBranch,75.91369593303948
19988,MartialStatus,74.61904887789153
22401,MartialStatus,65.29167154387687
2680,CurrentCompanyType,86.91527192489896
23798,CurrentCompanyType,89.70609311135976
13756,CurrentCompanyType,75.02467808729077
15257,MartialStatus,66.086796801589
8680,DegreeBranch,75.40661394602814
5843,DegreeBranch,74.03597957407013
21020,CurrentCompanyType,83.248726900829
6888,DegreeBranch,72.7418026613989
8467,CurrentCompanyType,83.19843418885439
13127,CurrentCompanyType,79.7385759766576
21561,LatestDegreeCGPA,76.6985807132329
5945,MartialStatus,70.96210581320074
14444,DegreeBranch,75.0360647483836
20184,LatestDegreeCGPA,78.53267157757212
10722,CurrentCompanyType,82.78175668109408
21378,LatestDegreeCGPA,85.66681484330996
5778,CurrentCompanyType,82.3039644548995
14330,CurrentCompanyType,88.91465893293906
17476,DegreeBranch,83.43297458487879
23748,DegreeBranch,75.05076341667011
5189,EmpScore,76.12246594950707
20815,DegreeBranch,87.15169164872488
22798,CurrentCompanyType,85.70336716247982
16173,MartialStatus,63.213287232442624
22986,MartialStatus,66.48882088385983
7799,CurrentCompanyType,76.19945119458524
17857,DegreeBranch,85.21308617920866
10095,DegreeBranch,77.45932066226159
10090,DegreeBranch,79.76156947639872
18915,MartialStatus,65.81576935137817
14352,CurrentCompanyType,90.40620566081942
3518,MartialStatus,64.69031133836967
21893,CurrentCompanyType,80.92625785736914
8897,EmpScore,79.69752747957315
9892,CurrentCompanyType,84.23162846827735
4255,MartialStatus,70.4218986627719
9205,CurrentCompanyType,85.32353440392622
10889,MartialStatus,70.89270504845975
3297,DegreeBranch,77.55927055164088
14746,MartialStatus,64.95182501858217
9206,MartialStatus,60.7576225954944
20348,MartialStatus,70.3500220835576
13996,MartialStatus,64.4587408422078
8145,DegreeBranch,82.01635704735128
19409,DegreeBranch,81.07530456720538
15988,CurrentCompanyType,88.64995691614406
17364,LatestDegreeCGPA,84.36327697382119
8279,LatestDegreeCGPA,77.99356952453734
15462,MartialStatus,73.81704516390884
7744,DegreeBranch,77.21952986562849
15269,MartialStatus,65.72175407729829
20753,LatestDegreeCGPA,85.56208913768631
16251,CurrentCompanyType,85.16351042985477
5180,CurrentCompanyType,89.72860297600481
20977,DegreeBranch,75.45610136193453
24238,DegreeBranch,76.63821166786562
3354,MartialStatus,67.69843768680543
12687,MartialStatus,65.4067995849102
16614,CurrentCompanyType,73.98947879198778
16082,MartialStatus,72.28157942718732
21612,DegreeBranch,77.66312449663445
9517,EmpScore,80.11145437660844
7217,CurrentCompanyType,85.53487278892604
16723,EmpScore,74.57560685355122
22017,LatestDegreeCGPA,85.24185345953684
3689,MartialStatus,77.37416753979977
10355,CurrentCompanyType,84.91865071738158
18640,DegreeBranch,84.19748644063961
6337,CurrentCompanyType,86.15169040103584
15121,MartialStatus,64.70265128799205
9613,DegreeBranch,75.59320079626714
9597,DegreeBranch,80.12257435117253
17236,MartialStatus,70.23037171958087
9690,MartialStatus,68.93723298942484
3859,LatestDegreeCGPA,74.98861804300704
12312,CurrentCompanyType,75.85966794169227
20976,CurrentCompanyType,86.29737972021601
20547,LatestDegreeCGPA,70.55799168047395
17281,MartialStatus,78.26801774146912
18130,MartialStatus,73.59152398521725
10038,MartialStatus,63.9367958496601
11000,CurrentCompanyType,91.16674065305162
5905,LatestDegreeCGPA,76.36354224007428
12104,MartialStatus,63.5858156244695
20310,CurrentCompanyType,73.13237336805415
6051,MartialStatus,72.10789942403578
18084,NA,72.71878080971149
11031,LatestDegreeCGPA,80.29269947068718
21712,DegreeBranch,80.8967681784861
5749,CurrentCompanyType,81.59179443340439
23069,LatestDegreeCGPA,82.55720831317875
4845,MartialStatus,70.3123653589854
12747,DegreeBranch,82.66382748785534
7910,MartialStatus,60.90478819228577
5181,MartialStatus,63.626582658636096
19450,MartialStatus,70.94056770968996
14281,LatestDegreeCGPA,79.17024006313281
4163,CurrentCompanyType,69.76804989743887
23173,LatestDegreeCGPA,71.63374885165385
15984,MartialStatus,71.96392245904703
15835,MartialStatus,63.123601578420825
18715,NA,70.17616265805839
19869,DegreeBranch,82.80811599616834
11454,MartialStatus,69.00318014289425
12442,CurrentCompanyType,91.48132398763053
4319,DegreeBranch,78.64947443827496
7569,EmpScore,76.71195663931312
12992,CurrentCompanyType,85.97907807036557
16590,DegreeBranch,77.60250514866968
2873,DegreeBranch,75.85481250593571
12539,DegreeBranch,82.36052920069565
19233,MartialStatus,67.35568284500256
5566,LatestDegreeCGPA,81.40411197037596
20393,DegreeBranch,77.37467768938845
20673,DegreeBranch,80.5907357563827
23889,DegreeBranch,76.34384524581122
15333,CurrentCompanyType,81.34389350978432
13798,MartialStatus,67.27392340336371
23345,CurrentCompanyType,89.3903683467688
2094,LatestDegreeCGPA,74.75554387794446
8658,DegreeBranch,73.96889627783159
12675,NA,71.45901157131985
12383,LatestDegreeCGPA,83.47804778232033
10776,NA,69.62590874420863
19347,MartialStatus,59.658570926848434
20064,MartialStatus,74.07366499799484
11504,DegreeBranch,80.03037137321971
8485,NA,69.99837525682157
23017,MartialStatus,59.65289427260286
3854,LatestDegreeCGPA,88.06462892874266
3300,LatestDegreeCGPA,81.14552905506163
14706,MartialStatus,67.55804163536939
5436,CurrentCompanyType,73.81947507540809
18056,CurrentCompanyType,86.49617927031261
15355,DegreeBranch,82.11971624956185
10665,LatestDegreeCGPA,68.90549333387972
11491,DegreeBranch,76.30163614592612
24274,NA,71.68331158998842
23543,DegreeBranch,82.75885617617305
24025,DegreeBranch,76.38611230390647
15712,MartialStatus,76.37781573697563
9994,DegreeBranch,71.95607267938591
18022,MartialStatus,63.648318363340806
2242,MartialStatus,68.78244631457223
11335,DegreeBranch,80.23206013400365
2647,LatestDegreeCGPA,74.43979011495182
8834,MartialStatus,68.63523254818038
13603,CurrentCompanyType,84.0349782041347
17639,CurrentCompanyType,90.29976692412141
23054,CurrentCompanyType,88.30388517315754
6109,MartialStatus,72.55237944173842
23208,CurrentCompanyType,71.4578349420547
13412,CurrentCompanyType,83.92811582247928
4997,CurrentCompanyType,83.79439868883269
19082,DegreeBranch,85.82334038497287
16057,DegreeBranch,73.47474191201724
13972,EmpScore,79.52514420357278
23972,DegreeBranch,79.61121286149663
10005,MartialStatus,65.42350027217724
9388,DegreeBranch,77.57077899297013
6043,EmpScore,81.53372318591754
21796,MartialStatus,60.90559385345774
7411,MartialStatus,75.54982318013833
20010,MartialStatus,68.83874457019019
20664,DegreeBranch,78.37144336794283
20033,DegreeBranch,73.82606092529964
9627,DegreeBranch,79.51909974873226
17307,MartialStatus,70.7920202414178
24146,NA,70.29660180555078
5045,CurrentCompanyType,78.88954679754269
17483,DegreeBranch,78.82878546228638
22411,DegreeBranch,78.69203907253247
18349,CurrentCompanyType,87.17378567541424
11871,MartialStatus,58.38544474697802
13325,CurrentCompanyType,80.12348731476447
5785,LatestDegreeCGPA,82.00437515899077
15832,LatestDegreeCGPA,79.52857901847864
16728,DegreeBranch,74.08977906140922
21960,LatestDegreeCGPA,79.53261628250287
13589,LatestDegreeCGPA,67.56509574856244
16299,CurrentCompanyType,76.42348196537534
20778,DegreeBranch,81.67663595643936
18733,MartialStatus,71.07489042767209
7167,CurrentCompanyType,89.3469036585659
5531,LatestDegreeCGPA,72.44899049459528
15689,DegreeBranch,85.90427242570149
15983,NA,69.75945685248027
9007,MartialStatus,70.82936907621787
17268,MartialStatus,67.7393434030196
17732,MartialStatus,70.29770351738703
13360,CurrentCompanyType,85.7723198795583
3025,LatestDegreeCGPA,91.90635702482912
23698,MartialStatus,66.15108830190306
4343,MartialStatus,62.32836186335196
18472,DegreeBranch,77.33170378403204
14051,MartialStatus,66.80190752070845
5575,CurrentCompanyType,71.6147019361138
10441,CurrentCompanyType,87.57310895755893
20910,CurrentCompanyType,78.98150367076664
7481,CurrentCompanyType,81.13528196666586
7962,MartialStatus,73.01281408745889
9178,CurrentCompanyType,74.40023204230673
22441,DegreeBranch,76.68971396018338
13550,LatestDegreeCGPA,70.1112969393299
22463,DegreeBranch,81.138018288818
18736,MartialStatus,59.00864650288206
19797,LatestDegreeCGPA,68.07016367983834
14102,MartialStatus,63.310464048139295
15137,DegreeBranch,74.48179311976139
14931,DegreeBranch,79.97317592593853
13043,DegreeBranch,76.93518323043727
24153,EmpScore,83.42712810876331
17839,MartialStatus,64.18479970164066
23008,EmpScore,76.61904010555357
21099,DegreeBranch,77.94770214411857
3212,NA,70.12951156470649
13565,LatestDegreeCGPA,74.82480500399826
15678,DegreeBranch,79.52141541707793
16761,DegreeBranch,76.84846146034518
13861,MartialStatus,73.57693381721792
17675,LatestDegreeCGPA,84.35982465233165
13448,CurrentCompanyType,73.75324969982154
14146,CurrentCompanyType,76.1850601298634
16496,LatestDegreeCGPA,81.18729867905999
9807,MartialStatus,60.85641204170639
10266,LatestDegreeCGPA,73.28652120639231
4366,LatestDegreeCGPA,78.49908496592636
12320,MartialStatus,67.91313243537095
10870,MartialStatus,63.654680338154236
19770,DegreeBranch,81.7385355604412
4622,LatestDegreeCGPA,63.65936975622797
23170,DegreeBranch,79.55492689274048
23655,LatestDegreeCGPA,87.3413527292532
18742,MartialStatus,68.44502003878071
6683,MartialStatus,65.09982202875857
13371,CurrentCompanyType,86.35818615232986
21400,DegreeBranch,86.88956514288385
8871,CurrentCompanyType,78.93507012629586
24030,MartialStatus,66.5680252272011
20446,CurrentCompanyType,89.89338898769535
9725,DegreeBranch,83.80584805962897
6928,MartialStatus,60.04655352860064
18034,CurrentCompanyType,79.70285046159245
23491,DegreeBranch,82.21803945978294
9194,CurrentCompanyType,71.54514026146542
6631,MartialStatus,72.98600278853417
18165,LatestDegreeCGPA,74.76660476214172
17310,MartialStatus,72.75314409782823
11237,MartialStatus,66.75358409902442
4172,EmpScore,74.180223072386
4584,DegreeBranch,80.6513115127905
22001,MartialStatus,64.70232164966548
16326,CurrentCompanyType,80.49655759431027
19762,DegreeBranch,76.30445179630973
22492,MartialStatus,74.43623506692914
23046,MartialStatus,72.40302804885778
13749,CurrentCompanyType,90.14772317917314
21493,LatestDegreeCGPA,76.64499869713065
17063,DegreeBranch,76.60397169569914
17392,MartialStatus,63.44526831708911
7276,DegreeBranch,71.52447406111585
21643,CurrentCompanyType,89.84560314004852
17525,CurrentCompanyType,78.9814889711956
23770,CurrentCompanyType,77.11223541075438
21349,LatestDegreeCGPA,80.08067716673239
5432,NA,76.72011164958496
11688,CurrentCompanyType,84.59103989506613
19968,MartialStatus,76.89487647350006
4497,CurrentCompanyType,81.9405950861359
17537,CurrentCompanyType,84.66686142444331
19316,DegreeBranch,76.93222815460923
11478,MartialStatus,64.6029597851705
6328,LatestDegreeCGPA,73.61697390516937
11866,DegreeBranch,80.61773739513232
7077,DegreeBranch,74.39790486245154
19317,LatestDegreeCGPA,83.401550215499
19933,MartialStatus,58.99822362975625
5360,MartialStatus,61.33468283020886
19069,DegreeBranch,76.17816859696188
3759,DegreeBranch,75.36092231087466
13658,MartialStatus,63.855260446941344
24104,LatestDegreeCGPA,73.2792219272785
21910,LatestDegreeCGPA,66.4177964710587
5256,DegreeBranch,81.89678372048101
2992,MartialStatus,66.44588694908764
21375,MartialStatus,69.8206252282123
2070,DegreeBranch,82.4146931150356
19996,LatestDegreeCGPA,68.01375033496448
4457,CurrentCompanyType,89.32905101123195
13797,LatestDegreeCGPA,72.59237028266007
22648,DegreeBranch,83.7871518087122
22835,CurrentCompanyType,72.87587035822408
16842,CurrentCompanyType,78.15482705210444
5385,LatestDegreeCGPA,74.78694475204387
22536,CurrentCompanyType,82.95734175516174
19198,MartialStatus,73.25062372428219
20669,LatestDegreeCGPA,88.66120302912545
23095,CurrentCompanyType,89.09539256890375
14413,CurrentCompanyType,74.66186867531646
10254,CurrentCompanyType,93.40541124268346
3795,MartialStatus,62.566308748355766
21860,NA,75.0536433946925
2012,MartialStatus,67.57960359016639
3204,DegreeBranch,77.19044555598111
14509,MartialStatus,68.70657376406864
7774,CurrentCompanyType,93.70688796471397
13850,MartialStatus,67.42709668067315
23893,EmpScore,79.99195064018146
18593,DegreeBranch,77.50657672243791
12550,LatestDegreeCGPA,77.83018874025598
2295,MartialStatus,69.12928722264722
17971,LatestDegreeCGPA,76.53190531991791
20645,MartialStatus,64.21783389466589
17375,MartialStatus,68.1988465639909
3045,MartialStatus,69.06547763441178
20059,CurrentCompanyType,87.17023198702752
23908,MartialStatus,66.67237290140605
7782,DegreeBranch,80.5446914479448
20141,CurrentCompanyType,77.47200608353216
21448,DegreeBranch,82.40040524677566
13519,NA,71.29231741006797
2956,MartialStatus,71.71661154007376
13702,DegreeBranch,71.29161755750054
21463,EmpScore,75.81833409178063
6592,DegreeBranch,76.87485458679647
4446,MartialStatus,68.33455723577292
11635,MartialStatus,68.85724914680137
16694,LatestDegreeCGPA,71.49375265626406
5729,LatestDegreeCGPA,78.416968200715
3586,DegreeBranch,82.37617467776198
2080,LatestDegreeCGPA,85.48171578237091
4681,DegreeBranch,80.09101792457139
2975,DegreeBranch,76.94331205369818
23400,MartialStatus,67.05645598313681
16268,MartialStatus,71.0487592114689
14239,DegreeBranch,78.27609093195105
14229,CurrentCompanyType,87.46558424653425
18981,DegreeBranch,72.2934623743979
21878,CurrentCompanyType,86.90473283270404
19928,MartialStatus,67.57618723954909
3722,DegreeBranch,81.45622483672796
2552,CurrentCompanyType,86.76294297241759
5278,DegreeBranch,75.65508036405377
3172,DegreeBranch,80.79424120240498
4898,DegreeBranch,80.73165152552728
6615,LatestDegreeCGPA,80.79449986214068
17551,LatestDegreeCGPA,70.84307501878531
11694,DegreeBranch,85.5511277405833
8799,DegreeBranch,77.60331471514127
22738,DegreeBranch,80.22337907701228
16913,CurrentCompanyType,86.9343610193074
11581,MartialStatus,60.93372656854821
13004,MartialStatus,68.83073543869948
20887,CurrentCompanyType,80.14863640195898
21487,CurrentCompanyType,87.88537163581981
22942,MartialStatus,66.2888327557561
11323,LatestDegreeCGPA,76.86147327771727
4711,CurrentCompanyType,72.44000357968955
15876,MartialStatus,63.04916707704147
8921,MartialStatus,70.42945754754858
7595,MartialStatus,60.95942164299108
22767,MartialStatus,67.1333941527339
6578,CurrentCompanyType,73.2178201592347
17810,DegreeBranch,74.7737622311121
4001,CurrentCompanyType,85.2524063300215
16887,MartialStatus,64.18807666378136
14168,LatestDegreeCGPA,66.73853877805868
20796,LatestDegreeCGPA,63.666744592223395
22362,DegreeBranch,68.93840236789306
19469,DegreeBranch,75.5897136163946
17229,CurrentCompanyType,86.86047227686178
18791,DegreeBranch,70.12823263346029
16615,DegreeBranch,81.47691322532843
3832,MartialStatus,69.92927699176506
22305,CurrentCompanyType,91.89898373351046
7732,MartialStatus,71.67162931017613
9000,DegreeBranch,88.34641766316084
3207,MartialStatus,66.47740306521801
6812,NA,67.59678488049107
3624,CurrentCompanyType,84.09223221725318
5994,DegreeBranch,84.76450405007603
12432,DegreeBranch,74.39103796666969
8549,LatestDegreeCGPA,76.91629484339914
20390,MartialStatus,62.165402476239564
3662,MartialStatus,63.1589493537742
14313,MartialStatus,64.51446485534636
6289,CurrentCompanyType,87.42606770396199
3728,CurrentCompanyType,76.0750354622068
9868,MartialStatus,59.2412548426863
8913,MartialStatus,76.52598530908544
10217,DegreeBranch,79.94861439489088
18958,MartialStatus,68.86596995312858
14488,CurrentCompanyType,83.43010454408545
17295,DegreeBranch,76.26293223853379
6814,CurrentCompanyType,75.05567207428273
21950,DegreeBranch,79.96029393653333
19459,DegreeBranch,81.50869961240188
15611,LatestDegreeCGPA,70.64220030025592
13438,CurrentCompanyType,85.14013279262326
9233,DegreeBranch,74.40927959194855
21254,LatestDegreeCGPA,69.48226356649424
13977,EmpScore,72.89073969161998
14763,LatestDegreeCGPA,93.3057560639036
20265,MartialStatus,63.43343251740812
13123,LatestDegreeCGPA,83.69570593745203
12097,EmpScore,83.37588991271383
22923,CurrentCompanyType,77.89138730900198
19368,DegreeBranch,82.0364169538239
21795,DegreeBranch,76.28060768249654
20160,MartialStatus,69.73225305131668
16523,MartialStatus,66.570023064542
4659,DegreeBranch,76.68819532650922
4879,DegreeBranch,85.80719064029033
11630,MartialStatus,60.075181040973646
21457,CurrentCompanyType,84.9625772084589
23080,CurrentCompanyType,84.22778067102001
15003,MartialStatus,68.58176975737416
2392,DegreeBranch,79.86462782882218
11974,LatestDegreeCGPA,74.94588573880347
3143,CurrentCompanyType,91.7434557446464
8380,CurrentCompanyType,82.50308675311085
21026,NA,69.50048601980825
19843,LatestDegreeCGPA,76.60862244310205
16137,CurrentCompanyType,81.75799612607989
15369,MartialStatus,68.18064808749261
7458,MartialStatus,72.35405790734931
21906,MartialStatus,66.4912348232793
23563,CurrentCompanyType,73.78308889780092
22101,DegreeBranch,76.08065741420403
10486,CurrentCompanyType,90.43156766388336
19029,DegreeBranch,79.55042973154536
2045,NA,70.93770669902678
6003,EmpScore,82.41866981167328
9115,MartialStatus,66.14492870860738
10246,DegreeBranch,77.40239354691421
5307,LatestDegreeCGPA,83.66253449768863
18708,MartialStatus,64.54050361983164
4560,LatestDegreeCGPA,84.56069423288247
19704,MartialStatus,60.62965906788111
24173,DegreeBranch,83.17917394648524
23687,CurrentCompanyType,85.40207854440408
21637,MartialStatus,68.5524222421639
2963,MartialStatus,64.8661476510965
13385,CurrentCompanyType,88.10067925495477
18871,LatestDegreeCGPA,80.94579642989464
5832,MartialStatus,69.47773471098307
5089,NA,66.65370577573252
22886,MartialStatus,75.43608117266758
2465,EmpScore,77.88546904538724
12024,MartialStatus,70.20928958623497
18975,DegreeBranch,76.61927780520321
15328,DegreeBranch,76.09291999198102
9595,DegreeBranch,82.08190086668336
14474,MartialStatus,60.05746666494489
8657,CurrentCompanyType,91.29034887849762
8861,DegreeBranch,77.06621987929707
16203,MartialStatus,70.56545229817365
20086,DegreeBranch,72.18864418121782
14863,MartialStatus,67.28215556873623
12891,EmpScore,80.15208377505388
7203,MartialStatus,72.6995106030865
23191,DegreeBranch,84.51198606352654
2549,LatestDegreeCGPA,76.47883257736
12877,DegreeBranch,77.56100804083907
18631,MartialStatus,64.60425993880214
14615,EmpScore,82.06274657123436
15771,DegreeBranch,82.5687506916153
15811,MartialStatus,70.03122382667438
23743,MartialStatus,67.72667236718618
8536,LatestDegreeCGPA,78.76307321269891
17819,MartialStatus,64.80075349870113
17855,MartialStatus,67.8875054500746
9199,LatestDegreeCGPA,72.72942194842315
4405,CurrentCompanyType,76.92327477498148
12004,CurrentCompanyType,93.02497607736792
12258,LatestDegreeCGPA,79.9951297797969
2218,LatestDegreeCGPA,77.70348079629821
9267,DegreeBranch,79.80548142285669
8775,DegreeBranch,84.6616923280908
11070,LatestDegreeCGPA,68.48793321439734
16094,NA,73.62317398625814
7343,LatestDegreeCGPA,67.53046677182034
11178,DegreeBranch,78.095606359324
15299,CurrentCompanyType,88.27953311785284
7537,LatestDegreeCGPA,85.54949067792094
20769,LatestDegreeCGPA,83.67222429493279
20772,CurrentCompanyType,78.9022409706192
20190,DegreeBranch,75.80055617630538
2272,MartialStatus,69.00369080466355
4408,NA,66.41879411566943
15639,CurrentCompanyType,88.04598047757844
16209,MartialStatus,72.19468148891835
14031,CurrentCompanyType,87.942571190172
5577,MartialStatus,69.99773535077598
15410,LatestDegreeCGPA,81.11793576812175
24056,DegreeBranch,79.549742113749
5817,MartialStatus,66.14173793888837
15128,NA,71.76076579031782
16098,DegreeBranch,73.68815213626695
13480,MartialStatus,74.35873174262117
23077,LatestDegreeCGPA,88.44662636581536
14641,CurrentCompanyType,89.79848883220981
17684,MartialStatus,65.54374089919186
7311,MartialStatus,63.95545689871971
22098,MartialStatus,62.31552650706518
18854,DegreeBranch,77.68687422314518
13775,DegreeBranch,79.54004537326223
7752,MartialStatus,66.61222459023882
8022,MartialStatus,57.298723742362895
7890,MartialStatus,64.033875061783
9505,MartialStatus,66.79935351321038
16071,MartialStatus,66.35256619009621
18477,MartialStatus,71.22722732870616
4085,MartialStatus,64.06600242734584
24244,DegreeBranch,81.06975378483448
11984,MartialStatus,62.20419952518073
15949,CurrentCompanyType,87.18069569187833
14532,MartialStatus,69.44218921941723
18031,MartialStatus,66.49464001440901
15590,CurrentCompanyType,80.5537998325106
20525,DegreeBranch,79.46851915829751
6415,DegreeBranch,75.14266949992273
8881,MartialStatus,67.8047480713577
9514,EmpScore,65.41893140188729
10130,DegreeBranch,78.85669585148015
14360,MartialStatus,66.63733011443045
16373,NA,72.99926177236512
20757,MartialStatus,75.84254727018342
6260,DegreeBranch,80.67714842975545
11063,EmpScore,72.38967108710528
24338,CurrentCompanyType,89.33188075628786
13882,LatestDegreeCGPA,80.9760414118535
8677,DegreeBranch,81.16354497968666
15927,CurrentCompanyType,90.50997960280239
7647,MartialStatus,57.22352263434865
21967,NA,67.29962537793564
5323,CurrentCompanyType,88.70602863194938
9969,DegreeBranch,74.03344531151252
6611,MartialStatus,72.48877525467984
4663,CurrentCompanyType,77.03717306686963
24296,MartialStatus,61.71457101780995
13273,DegreeBranch,82.43044200793508
10484,DegreeBranch,74.12231711014842
10106,EmpScore,80.50538559768555
15302,LatestDegreeCGPA,73.75576805060426
5413,DegreeBranch,74.41001098795077
13241,MartialStatus,70.23784788081873
3277,MartialStatus,64.86794113336242
19537,MartialStatus,59.22850475448508
12269,DegreeBranch,82.51266694027464
15093,MartialStatus,76.84093494606375
4513,CurrentCompanyType,74.76607737947539
13897,EmpScore,78.79011292773407
9985,DegreeBranch,77.09197685074798
4935,MartialStatus,69.3188699392326
11609,LatestDegreeCGPA,92.16424854215529
6034,MartialStatus,69.14405326262683
2266,CurrentCompanyType,86.81194743541359
18393,DegreeBranch,82.40846542637635
20566,DegreeBranch,81.6051213748339
16493,MartialStatus,70.80942648842844
12146,DegreeBranch,81.83022236129807
19733,MartialStatus,66.33962746269195
17945,DegreeBranch,72.76994319131407
14003,DegreeBranch,72.89891539807502
11502,CurrentCompanyType,89.17445869510361
2600,LatestDegreeCGPA,83.48135348402776
2171,DegreeBranch,76.67714523372999
21673,DegreeBranch,81.06901637371999
21525,MartialStatus,69.41268638489211
4716,DegreeBranch,82.31005700900597
2519,CurrentCompanyType,83.35666337074025
6480,DegreeBranch,77.61779187416472
14056,DegreeBranch,78.83335002366297
4332,LatestDegreeCGPA,76.48914511524492
11492,DegreeBranch,75.96221556059555
17754,LatestDegreeCGPA,80.89478240846198
3973,DegreeBranch,83.89153980435157
20933,DegreeBranch,81.57992691036827
18796,CurrentCompanyType,87.27126014816258
3531,LatestDegreeCGPA,68.70786123102464
21834,LatestDegreeCGPA,80.36781008524315
15564,LatestDegreeCGPA,84.86702673642344
22972,DegreeBranch,83.76926594890364
10432,MartialStatus,67.68464121773287
19585,DegreeBranch,77.02463283560883
23878,MartialStatus,54.27831616137087
12112,LatestDegreeCGPA,82.38592087551334
4393,MartialStatus,65.06632046119748
15075,LatestDegreeCGPA,83.39643498622854
16061,CurrentCompanyType,81.15863321061033
13260,DegreeBranch,85.89165499849099
18855,DegreeBranch,81.37679221674964
21390,CurrentCompanyType,74.39210162701391
10170,EmpScore,79.1489256484482
21424,MartialStatus,69.08802765977723
17083,NA,73.58655702330455
18371,LatestDegreeCGPA,77.2874854947592
21599,DegreeBranch,80.31029899912805
15287,MartialStatus,59.56748712572678
24160,MartialStatus,72.31794946290836
13415,CurrentCompanyType,86.54758724419553
23342,DegreeBranch,78.55569237664177
5267,EmpScore,79.00226898689316
22764,MartialStatus,70.10955874069158
19993,MartialStatus,69.61141967862962
20258,NA,74.04248386039984
14657,MartialStatus,70.19124351008962
11693,MartialStatus,63.07818162547916
14844,DegreeBranch,77.93908682422587
8417,MartialStatus,65.17063909571463
20776,LatestDegreeCGPA,74.97668317542895
7664,DegreeBranch,79.39925545190175
14432,MartialStatus,68.47218136714741
10933,DegreeBranch,74.0720184594677
7801,NA,70.91655339074597
11095,DegreeBranch,80.45687177837063
4320,DegreeBranch,84.17294955314063
6392,NA,70.86007206121657
14331,LatestDegreeCGPA,78.04173855477448
10635,CurrentCompanyType,78.09791301543049
5326,DegreeBranch,77.82367810300993
22631,DegreeBranch,82.7847169020634
5797,MartialStatus,64.30304003040972
15205,MartialStatus,71.64612940308628
5828,CurrentCompanyType,83.5671954893179
19940,CurrentCompanyType,77.89065609844411
19752,MartialStatus,70.60648263522974
9174,MartialStatus,65.9687256307407
13714,MartialStatus,68.42434434673463
19560,DegreeBranch,83.10925232744545
18323,CurrentCompanyType,87.31518268697846
6134,MartialStatus,68.58305981729113
17853,DegreeBranch,74.95919450248022
17432,LatestDegreeCGPA,67.66162190703588
16340,DegreeBranch,80.23170836434282
12314,MartialStatus,64.62172119727309
9033,MartialStatus,62.86134850298186
18330,CurrentCompanyType,77.09558610374351
20250,CurrentCompanyType,72.58993759125825
18783,MartialStatus,69.450278064166
7944,DegreeBranch,80.77578881011925
13741,DegreeBranch,80.16500980551575
5291,DegreeBranch,80.44006564145053
21749,MartialStatus,75.26178245588785
7920,MartialStatus,69.34092143096288
16565,CurrentCompanyType,72.63924389752471
21744,MartialStatus,71.35034233987965
20631,MartialStatus,65.79912829122048
8980,MartialStatus,65.36982325194141
11096,DegreeBranch,76.79029376427636
13432,LatestDegreeCGPA,80.62239419113376
9066,LatestDegreeCGPA,70.38322691970721
8845,CurrentCompanyType,87.03059975266123
9768,EmpScore,77.24130406286469
20019,MartialStatus,69.57183697822308
22431,LatestDegreeCGPA,71.84880712822915
11235,CurrentCompanyType,79.61910967979051
9225,EmpScore,74.89463081019886
15445,LatestDegreeCGPA,75.2584272633601
2994,DegreeBranch,79.4102962360617
6053,MartialStatus,68.36891848650185
8836,DegreeBranch,72.69386693971512
17315,CurrentCompanyType,86.72481579776694
12421,DegreeBranch,71.85756145223952
2230,MartialStatus,66.42665958773706
4691,CurrentCompanyType,89.87399843696971
22106,MartialStatus,71.05421527050629
13609,MartialStatus,67.29756019845317
17578,CurrentCompanyType,86.72852448888561
11542,MartialStatus,65.3564689523276
5896,CurrentCompanyType,83.88532114835348
4449,CurrentCompanyType,88.01474190109309
8446,CurrentCompanyType,88.93201846534842
12640,EmpScore,78.34308846969755
19564,DegreeBranch,80.83208173728256
10303,CurrentCompanyType,85.43863403137789
22479,MartialStatus,71.3079641597416
4526,MartialStatus,61.7626174442624
2417,CurrentCompanyType,75.06279202879031
12731,CurrentCompanyType,88.10694281732498
21191,CurrentCompanyType,81.06443529585835
12921,DegreeBranch,83.37474799182272
8239,DegreeBranch,75.2163293408856
21759,MartialStatus,66.27178950667142
6841,MartialStatus,73.98354870651913
22715,DegreeBranch,80.0731128003071
16557,LatestDegreeCGPA,84.25279379382548
23397,MartialStatus,69.79907912489436
22371,EmpScore,74.9342455759791
20299,CurrentCompanyType,78.19593077672442
7452,LatestDegreeCGPA,77.45288714708528
13928,MartialStatus,70.52263734705029
23542,MartialStatus,66.8857201629113
22364,MartialStatus,70.98013656017447
10577,DegreeBranch,72.5992739674212
12109,LatestDegreeCGPA,78.49970839187617
3556,MartialStatus,67.55975709194057
7724,DegreeBranch,76.27072611501646
5185,EmpScore,74.49677136346511
23349,CurrentCompanyType,91.95208517299238
12382,CurrentCompanyType,85.3426635894689
21654,DegreeBranch,77.82488180003685
23084,DegreeBranch,72.9287664648767
7717,DegreeBranch,80.3621936946353
16540,MartialStatus,69.802861145397
5093,MartialStatus,70.95891903560234
10828,MartialStatus,64.1820101740974
3550,MartialStatus,69.21587865326076
13209,MartialStatus,77.3166977776668
20487,NA,69.53238991448144
2472,CurrentCompanyType,85.18281941911236
10211,MartialStatus,68.95848032070701
19262,MartialStatus,72.60398646474705
10996,MartialStatus,62.56203041209314
3716,DegreeBranch,74.06267533038661
16135,NA,67.14786330759037
8691,EmpScore,75.74276003719973
11813,CurrentCompanyType,89.22373124931745
23419,CurrentCompanyType,85.19758233503565
2599,DegreeBranch,79.85794911608166
3522,MartialStatus,71.55758916475455
22668,MartialStatus,75.36860213481971
2851,LatestDegreeCGPA,73.10132911882066
20916,CurrentCompanyType,85.97232073333831
10786,DegreeBranch,82.14006631917471
17811,DegreeBranch,77.7522295254621
11412,MartialStatus,67.41726936530736
22950,MartialStatus,68.52308838855413
3356,NA,68.811260021105
12885,MartialStatus,70.71866257330205
19185,DegreeBranch,79.33160551304327
16200,NA,67.52570330352856
17450,LatestDegreeCGPA,84.88403402310084
14371,DegreeBranch,73.93474015555549
21702,MartialStatus,62.499302889955324
20900,DegreeBranch,77.21090878136003
13764,MartialStatus,66.15017969783828
10327,DegreeBranch,77.57290426172666
21337,LatestDegreeCGPA,79.05594724554746
12480,NA,58.510266613752734
4743,CurrentCompanyType,87.61804412367108
2461,MartialStatus,67.03147042079175
11897,MartialStatus,67.18926601198459
23250,CurrentCompanyType,91.1830961353503
8751,DegreeBranch,76.0805822321213
3160,DegreeBranch,84.68868319848794
2294,DegreeBranch,81.68638380897747
2211,LatestDegreeCGPA,76.78773541883135
10381,CurrentCompanyType,92.50354009758628
16696,EmpScore,78.52850288047429
10239,DegreeBranch,76.92871250838003
22734,LatestDegreeCGPA,89.57754323610992
14978,MartialStatus,67.75653198154413
8431,MartialStatus,69.90516101306909
13740,DegreeBranch,79.41998529597006
21930,DegreeBranch,80.32367303799774
20103,EmpScore,79.69174888807284
12519,CurrentCompanyType,75.0492060951092
5115,CurrentCompanyType,72.96750931722553
15399,DegreeBranch,80.02702078943659
19994,MartialStatus,64.71428167270466
12668,MartialStatus,67.23353720608823
21567,EmpScore,78.13922247699298
19054,MartialStatus,67.02067147852385
12323,MartialStatus,70.97659687568441
6777,MartialStatus,60.42345292476975
18246,LatestDegreeCGPA,79.21955382472014
7771,CurrentCompanyType,89.75666250828581
24123,MartialStatus,67.67607942286872
2943,DegreeBranch,79.83439223344716
5689,CurrentCompanyType,75.26075155848538
15948,LatestDegreeCGPA,78.1706872151419
2595,MartialStatus,68.92453012367557
18279,CurrentCompanyType,72.94579974860737
10551,MartialStatus,63.10418887357149
10857,MartialStatus,69.9838151178835
17555,CurrentCompanyType,90.55371030202691
19015,NA,69.81773993827932
10459,DegreeBranch,77.54048749575153
14381,EmpScore,75.59331076186429
14864,MartialStatus,63.83764240282886
15796,MartialStatus,63.09613622220044
12178,MartialStatus,68.33997143015014
6384,MartialStatus,66.98600531129664
11211,CurrentCompanyType,88.67349639044247
4236,CurrentCompanyType,90.4875599609523
2784,DegreeBranch,81.5599389904453
8150,MartialStatus,66.43694960903237
5245,DegreeBranch,77.23332016513942
13845,MartialStatus,56.15164999467903
21317,DegreeBranch,78.88628709792533
6945,CurrentCompanyType,74.90289375066172
16805,LatestDegreeCGPA,82.27974030410985
18967,CurrentCompanyType,82.0737798716431
12376,CurrentCompanyType,84.39382566873013
5071,DegreeBranch,73.77473825144729
5405,CurrentCompanyType,77.36507372869794
7042,DegreeBranch,84.4909371337913
23291,MartialStatus,67.32604588639288
2758,LatestDegreeCGPA,76.20899490067887
3731,DegreeBranch,68.16298611986859
22511,DegreeBranch,78.28117585828956
15969,CurrentCompanyType,88.61690781817524
3752,CurrentCompanyType,85.56082909162484
16091,DegreeBranch,75.66087295370623
11966,CurrentCompanyType,81.66582924320934
19611,DegreeBranch,77.69853910325236
23179,DegreeBranch,77.47525536442124
10883,LatestDegreeCGPA,65.17771916270961
2424,MartialStatus,69.13143167585929
15854,CurrentCompanyType,78.20198102761685
19660,DegreeBranch,76.35417776949109
16206,MartialStatus,66.51691860105343
15684,DegreeBranch,72.47452499676015
7861,CurrentCompanyType,77.40765074879468
8072,DegreeBranch,73.12993642635088
17051,CurrentCompanyType,77.75278538315654
17037,NA,64.71212286563775
3471,CurrentCompanyType,89.6368662169823
24084,MartialStatus,67.15617257467045
15986,MartialStatus,66.39934432873058
3183,CurrentCompanyType,81.1587264584567
3534,CurrentCompanyType,72.30297506920621
6718,CurrentCompanyType,83.72702422627871
12060,DegreeBranch,76.77497451686939
2240,LatestDegreeCGPA,79.35169403017711
2238,DegreeBranch,79.44788068834269
14790,MartialStatus,68.00842220435581
10972,LatestDegreeCGPA,75.7136351520888
3526,MartialStatus,70.44275897912458
11012,CurrentCompanyType,89.23568299551067
18998,DegreeBranch,79.45473786582853
2056,CurrentCompanyType,70.35388695934866
18170,DegreeBranch,79.2876663744154
7989,CurrentCompanyType,89.2462332509115
20248,CurrentCompanyType,89.73892312663168
13482,DegreeBranch,79.92589108946297
23338,DegreeBranch,78.1670058948259
19965,MartialStatus,75.80435160364766
18101,MartialStatus,65.31082455286649
6562,DegreeBranch,78.68884146764745
4277,LatestDegreeCGPA,81.74978080674698
22520,DegreeBranch,74.95461174320307
21665,MartialStatus,62.506785838180114
8059,CurrentCompanyType,89.52268617654053
4748,DegreeBranch,79.8648467388523
5658,NA,74.86937632171933
10945,MartialStatus,68.81021776828136
4880,DegreeBranch,75.16737264249988
2207,MartialStatus,64.43632396869361
19438,MartialStatus,65.64854442382006
10833,MartialStatus,70.10901654970554
14033,NA,71.16086364925846
6463,CurrentCompanyType,87.29668360705794
21279,NA,69.94682349252787
3554,CurrentCompanyType,82.98033507660176
23677,MartialStatus,66.87471650577153
14614,MartialStatus,67.49133413688133
10039,DegreeBranch,78.14777402246742
13566,DegreeBranch,80.78350912905182
4498,DegreeBranch,69.75912127742632
7574,LatestDegreeCGPA,82.26109087046956
6714,NA,75.24223091084883
22126,CurrentCompanyType,85.10425065306504
19799,MartialStatus,63.75116790115757
21656,LatestDegreeCGPA,92.30528275334825
17749,DegreeBranch,82.13973259862745
23760,MartialStatus,67.42706931835284
14578,CurrentCompanyType,74.80729917682922
10340,CurrentCompanyType,75.90212680897316
13308,LatestDegreeCGPA,76.81580557153525
3663,LatestDegreeCGPA,75.61550770605348
10278,MartialStatus,66.80697559703547
10781,CurrentCompanyType,79.58120868751644
6952,LatestDegreeCGPA,78.64496297856056
24347,DegreeBranch,72.36818073452582
20959,DegreeBranch,82.924684490939
13355,DegreeBranch,76.61968859786052
2185,DegreeBranch,78.95342650303131
12386,MartialStatus,68.54559470035437
5732,MartialStatus,69.53164258665176
21591,MartialStatus,75.2978204363265
18881,LatestDegreeCGPA,90.23833795124797
10973,DegreeBranch,74.07023993324138
8497,MartialStatus,65.93726889892154
14339,DegreeBranch,80.65746891904877
5652,DegreeBranch,80.23525291587256
23852,DegreeBranch,76.05633376405578
16883,CurrentCompanyType,76.06004662300852
17529,DegreeBranch,81.12732171908576
22288,MartialStatus,66.51482568944775
6973,DegreeBranch,73.33164335188887
8460,DegreeBranch,73.4186276068853
8232,CurrentCompanyType,85.64062380092594
17133,DegreeBranch,78.92654174832347
6085,CurrentCompanyType,88.07803122018493
20147,MartialStatus,67.21278707206905
11296,MartialStatus,62.99996709584619
23036,MartialStatus,75.69493669096347
16871,DegreeBranch,82.51937082925996
3425,DegreeBranch,82.2714673115603
4901,DegreeBranch,75.31492072950206
17975,DegreeBranch,76.18262696949533
16335,MartialStatus,57.514869238531475
14599,CurrentCompanyType,86.7652847391978
17805,DegreeBranch,78.44104418229864
18724,DegreeBranch,75.50359623697693
12033,CurrentCompanyType,93.28891273844323
13440,LatestDegreeCGPA,72.50523200236822
22301,EmpScore,71.55483145630382
12798,CurrentCompanyType,82.650437597872
20395,DegreeBranch,81.30187816950416
16052,MartialStatus,71.87822208354925
19569,CurrentCompanyType,86.2753896310951
23931,MartialStatus,67.6781322438405
6375,CurrentCompanyType,87.32954235285995
8362,DegreeBranch,82.34178985719808
7093,DegreeBranch,77.71234437891528
16643,LatestDegreeCGPA,88.25257299771224
16747,CurrentCompanyType,75.44273021735017
14449,MartialStatus,62.73506576457229
4950,LatestDegreeCGPA,74.61702463051354
19112,MartialStatus,66.95697192557715
15212,CurrentCompanyType,86.43507772282156
20007,CurrentCompanyType,85.06601853345968
9459,CurrentCompanyType,83.47034127901136
3191,MartialStatus,62.78607644276703
19273,EmpScore,72.75381528468883
21531,LatestDegreeCGPA,72.18782716828476
19399,LatestDegreeCGPA,86.10112088630059
10240,MartialStatus,67.3100417380275
2164,CurrentCompanyType,83.97868700827917
2273,CurrentCompanyType,80.44155234133002
21774,LatestDegreeCGPA,68.98372446477218
20895,MartialStatus,70.46704870745967
15703,LatestDegreeCGPA,89.4727974633696
16163,DegreeBranch,79.55643954606751
13208,CurrentCompanyType,84.20003442301241
2349,EmpScore,75.97303849528979
10434,LatestDegreeCGPA,76.30561487215373
20222,DegreeBranch,79.34764238634364
19818,DegreeBranch,77.2200562529965
7267,MartialStatus,65.25827539341532
8577,LatestDegreeCGPA,72.77391562429183
2884,MartialStatus,71.35357809800743
22665,CurrentCompanyType,78.26740366200758
9616,MartialStatus,68.2520563615969
12859,DegreeBranch,75.01689578107103
4658,DegreeBranch,81.76056641306982
11951,DegreeBranch,85.45612358319266
18132,MartialStatus,67.64697999747023
14123,CurrentCompanyType,75.87896061437351
13815,DegreeBranch,75.00303940048477
22326,MartialStatus,62.922241207134554
4207,LatestDegreeCGPA,76.8691110234956
14384,MartialStatus,64.08254741003076
23809,CurrentCompanyType,84.92861409577202
13855,MartialStatus,70.20241022136572
6548,EmpScore,78.0256961245409
16888,LatestDegreeCGPA,73.2554159959969
6666,LatestDegreeCGPA,76.33330749768912
13536,LatestDegreeCGPA,71.4787548514112
21227,LatestDegreeCGPA,84.23062462861463
15112,LatestDegreeCGPA,74.1500109230884
8385,CurrentCompanyType,80.20025700342005
5136,MartialStatus,76.72466695567579
9643,DegreeBranch,80.22482091862776
4637,MartialStatus,66.2446680272065
18664,CurrentCompanyType,84.84128122117224
21035,LatestDegreeCGPA,75.4216661744524
20822,DegreeBranch,70.62587014554629
8652,CurrentCompanyType,91.60804360801289
17717,MartialStatus,67.00015882272042
21890,DegreeBranch,72.41792038586172
3489,MartialStatus,71.2058269833905
14077,MartialStatus,60.88404375378172
23458,MartialStatus,67.91009102936371
22336,MartialStatus,65.03620102485237
4080,DegreeBranch,79.22097267401612
20314,LatestDegreeCGPA,76.72469944786921
8842,MartialStatus,61.49476877221114
9834,DegreeBranch,86.56637345163492
4956,NA,72.87156287168588
12318,MartialStatus,67.08637805574016
11916,DegreeBranch,82.60997097694559
15665,MartialStatus,76.64800214839681
14919,CurrentCompanyType,71.8340574805018
12871,DegreeBranch,79.2425290180264
16863,DegreeBranch,79.73614790033274
8905,DegreeBranch,79.11794080827019
10467,DegreeBranch,76.9935205712302
9362,DegreeBranch,76.8254792887856
7534,MartialStatus,68.51369150271556
18453,DegreeBranch,77.25190355801234
2769,LatestDegreeCGPA,82.91029751401781
8946,MartialStatus,64.04448357984444
16468,MartialStatus,63.07317903695083
7158,CurrentCompanyType,80.96869684270962
11453,NA,69.6134604648671
7666,MartialStatus,71.46156442780824
12246,MartialStatus,68.83206509535263
9796,NA,63.357490487650644
5484,CurrentCompanyType,88.2743688100721
8466,CurrentCompanyType,75.48426655537034
2995,LatestDegreeCGPA,69.9286583955116
8492,DegreeBranch,78.82747249518222
19311,MartialStatus,66.31414838987689
22195,MartialStatus,68.83768746769034
14407,MartialStatus,65.65087123160714
6583,DegreeBranch,71.41646752584018
4638,MartialStatus,65.40096188533681
8724,EmpScore,72.82397512489672
16726,CurrentCompanyType,93.3629264767312
14865,CurrentCompanyType,79.3783733061534
6901,MartialStatus,60.86486546531128
13016,CurrentCompanyType,84.36209926240896
23887,MartialStatus,66.16441984727247
19755,CurrentCompanyType,91.9600038175076
9080,CurrentCompanyType,85.28114181124093
7052,CurrentCompanyType,79.84988480233318
5327,DegreeBranch,77.58855312211278
8201,CurrentCompanyType,82.47572084703936
24096,DegreeBranch,77.409544862436
2146,MartialStatus,60.348902323609614
14042,MartialStatus,63.31258592604003
10059,LatestDegreeCGPA,66.96614276667297
18347,DegreeBranch,75.83489214252603
4720,EmpScore,82.19880622196544
19514,DegreeBranch,84.73558772973095
8078,CurrentCompanyType,89.89006146979621
9918,CurrentCompanyType,78.75338651476041
22733,LatestDegreeCGPA,92.87864497804732
22671,MartialStatus,69.49847723471238
10669,DegreeBranch,73.54366940374955
22056,CurrentCompanyType,73.96572648882662
3644,CurrentCompanyType,91.16977428165187
4934,CurrentCompanyType,80.15711760390359
23648,CurrentCompanyType,88.56776654385101
8390,CurrentCompanyType,84.9389480078926
7228,DegreeBranch,78.01243581748854
12405,NA,75.95608087279608
8394,DegreeBranch,78.6508330225811
22290,DegreeBranch,82.01392907102056
4905,MartialStatus,70.43771831751941
14630,DegreeBranch,73.8520750563437
12457,DegreeBranch,77.30834111481518
6749,MartialStatus,73.7082486440914
23315,LatestDegreeCGPA,69.43212611369856
9192,CurrentCompanyType,72.90343409798353
19128,NA,71.84384355980316
22019,MartialStatus,66.65940948081919
23938,LatestDegreeCGPA,89.23053898276432
11910,MartialStatus,71.80230383435341
4074,LatestDegreeCGPA,79.30211209774242
6688,LatestDegreeCGPA,66.24884810453379
18112,DegreeBranch,81.9874019425813
23221,NA,70.40806694556431
2808,CurrentCompanyType,72.63374723649025
19031,MartialStatus,64.2412683767955
13761,MartialStatus,69.94591546197609
15696,MartialStatus,75.94039647437432
11164,CurrentCompanyType,92.4498322126773
12052,CurrentCompanyType,88.06802690851443
14126,DegreeBranch,71.22228696529037
23167,CurrentCompanyType,85.62076825170898
18435,LatestDegreeCGPA,76.25073590294971
20017,LatestDegreeCGPA,71.07103826391733
11251,DegreeBranch,75.52945577262184
14344,CurrentCompanyType,84.71871154124699
10958,EmpScore,76.36045794160748
23135,DegreeBranch,71.69640708077101
13870,MartialStatus,67.65864612756805
2571,CurrentCompanyType,86.49234589067952
20837,EmpScore,82.19615600150023
9774,NA,72.80583791795716
16050,EmpScore,76.5087656144335
5234,MartialStatus,65.68975277074097
4102,DegreeBranch,76.10812568941009
2134,DegreeBranch,82.74116835021763
19219,LatestDegreeCGPA,82.93258073201497
24113,MartialStatus,65.40599317512849
3646,MartialStatus,63.99618645807725
14634,CurrentCompanyType,73.59227266626517
14608,DegreeBranch,75.15627876688202
8295,DegreeBranch,76.2822847588352
6616,DegreeBranch,79.36068659479426
5610,DegreeBranch,77.61033947263313
12866,DegreeBranch,77.0512621717993
5167,MartialStatus,65.90255874229386
22881,DegreeBranch,84.53712480684831
10810,CurrentCompanyType,91.69352367760787
5146,MartialStatus,69.42389516843559
3723,MartialStatus,59.0002291305953
7466,MartialStatus,71.36092506951721
7439,EmpScore,77.64135180111916
21672,MartialStatus,56.93233486189711
19079,NA,70.6964326674254
7117,LatestDegreeCGPA,80.07928784683739
7284,DegreeBranch,74.44339204388639
22093,CurrentCompanyType,72.88597985265551
19746,DegreeBranch,77.9844056770981
12865,DegreeBranch,81.10507268362028
21307,CurrentCompanyType,82.51591837476147
2965,MartialStatus,68.67460860530493
7079,CurrentCompanyType,86.62598408152982
21017,LatestDegreeCGPA,79.30785550028114
17504,MartialStatus,65.66443085548795
22757,DegreeBranch,81.54832093618671
13910,CurrentCompanyType,91.3263985713225
19226,MartialStatus,67.25754564470759
21829,LatestDegreeCGPA,77.99568717796988
4397,CurrentCompanyType,88.1388810748112
22910,MartialStatus,69.39547150592617
5022,LatestDegreeCGPA,80.78767292699101
15309,DegreeBranch,78.06491054700615
17794,CurrentCompanyType,75.32303652913374
14797,MartialStatus,66.96970957271162
5549,DegreeBranch,73.50084025391305
4817,MartialStatus,67.92149404641519
8330,MartialStatus,64.45292300683116
8153,DegreeBranch,78.47546444221209
15014,DegreeBranch,82.7933400488518
24387,LatestDegreeCGPA,78.33658046479808
10241,DegreeBranch,74.33339839249136
8117,DegreeBranch,79.42129473871397
11795,MartialStatus,64.34734568058968
5429,LatestDegreeCGPA,66.65022439327618
9921,MartialStatus,64.205226302102
19213,CurrentCompanyType,86.0632562926769
10451,DegreeBranch,81.50766937782188
19833,MartialStatus,73.05801166373273
21284,NA,64.75258642878428
7559,MartialStatus,70.1181802924956
10580,NA,72.62015158356161
5958,LatestDegreeCGPA,77.78826229261816
9804,EmpScore,78.37115060093105
7375,LatestDegreeCGPA,78.88903605958585
22914,DegreeBranch,85.01425216235046
12623,LatestDegreeCGPA,67.43413159117736
23670,NA,62.82329669671884
4191,CurrentCompanyType,79.7292342245249
10992,DegreeBranch,78.5814627077273
23803,MartialStatus,66.15222405137723
13573,LatestDegreeCGPA,75.31872901765286
7306,CurrentCompanyType,88.60711721090783
5127,CurrentCompanyType,91.25694666293583
21302,DegreeBranch,80.83427480509211
17400,DegreeBranch,68.06957162476446
22967,LatestDegreeCGPA,87.95266418762291
16996,CurrentCompanyType,84.62532925695413
19536,LatestDegreeCGPA,70.83366036540683
14100,MartialStatus,69.47335171558058
17518,CurrentCompanyType,77.29857489057805
14175,LatestDegreeCGPA,63.40778882436281
20756,LatestDegreeCGPA,76.32422880373272
21837,CurrentCompanyType,82.25334713065035
12197,MartialStatus,59.79062285355747
20633,CurrentCompanyType,88.0571166518063
20725,CurrentCompanyType,82.08686202079724
19972,CurrentCompanyType,75.62219789290165
18094,DegreeBranch,76.52969000004309
2303,NA,71.61570648286259
7822,CurrentCompanyType,73.18728064916988
6875,CurrentCompanyType,83.88927502971148
5611,DegreeBranch,84.77859519931563
7001,DegreeBranch,80.20470072037175
13895,DegreeBranch,82.37787533603966
19403,CurrentCompanyType,79.15807631128848
5834,DegreeBranch,79.97822286819117
24381,DegreeBranch,81.4334764879788
19553,LatestDegreeCGPA,76.82687831398327
20607,DegreeBranch,74.8973905487307
4396,LatestDegreeCGPA,86.66332885466039
10313,DegreeBranch,79.71495136279151
9089,CurrentCompanyType,80.17791004173323
13968,MartialStatus,67.05882086023472
12537,CurrentCompanyType,76.88414982915772
4444,CurrentCompanyType,85.99793569907972
3370,DegreeBranch,83.69463571145687
12125,MartialStatus,70.44250281919156
20539,MartialStatus,66.19066059130621
17377,LatestDegreeCGPA,89.35524455267402
6669,CurrentCompanyType,90.30604796230521
7830,DegreeBranch,81.26699277257022
20629,MartialStatus,65.98666433877905
11647,MartialStatus,70.8288270122319
12559,DegreeBranch,77.61940562668079
15669,DegreeBranch,78.95676028422744
17627,MartialStatus,70.94360854157313
8919,CurrentCompanyType,77.59924549678937
5895,DegreeBranch,72.69355433583814
9509,NA,66.45876080725353
14247,MartialStatus,67.12791584471307
5034,DegreeBranch,76.2684646312153
17108,DegreeBranch,79.14058169816481
17158,LatestDegreeCGPA,81.43340109824769
10508,MartialStatus,64.61180942099023
7764,MartialStatus,69.80187791142559
17393,MartialStatus,63.4037126697288
19830,DegreeBranch,75.01302465838714
20588,CurrentCompanyType,73.74506286553974
15391,LatestDegreeCGPA,82.26034211393909
10913,MartialStatus,66.7581865053962
24103,MartialStatus,68.86073315649713
10000,DegreeBranch,80.89828748165931
11287,MartialStatus,75.82028657710285
5761,CurrentCompanyType,75.98603943754166
10085,MartialStatus,63.00212874309472
20389,MartialStatus,66.5023718651999
15358,LatestDegreeCGPA,84.250956417631
6879,CurrentCompanyType,81.71450790203637
6673,CurrentCompanyType,84.10246445023373
16260,LatestDegreeCGPA,77.55818586341272
12200,MartialStatus,69.15111386233359
3521,CurrentCompanyType,90.38332336946439
16315,MartialStatus,75.51953549065172
6455,MartialStatus,70.79521184280988
24131,MartialStatus,62.469877538541944
8948,MartialStatus,64.460794749775
6809,CurrentCompanyType,80.15870657465035
6367,MartialStatus,69.52065188892558
10878,DegreeBranch,83.79164602233223
5475,MartialStatus,74.49060840151174
16717,CurrentCompanyType,75.89030104068338
6488,DegreeBranch,80.99678578667583
22664,MartialStatus,69.05675727713732
22545,MartialStatus,68.14589986416034
12471,CurrentCompanyType,91.54822365159274
19236,DegreeBranch,76.97336067003198
15317,LatestDegreeCGPA,75.38356239026228
6397,MartialStatus,62.97220794715871
15338,MartialStatus,67.30371959843305
2411,MartialStatus,66.14831712492082
22448,MartialStatus,63.497157102661305
8456,LatestDegreeCGPA,72.45279894757604
14751,MartialStatus,64.64123047727008
24091,CurrentCompanyType,78.34147621894847
9637,MartialStatus,67.03807013260905
3141,CurrentCompanyType,86.1251354987644
5271,CurrentCompanyType,90.00585575141123
9503,LatestDegreeCGPA,75.54377616357279
18713,MartialStatus,75.55099057503523
4425,LatestDegreeCGPA,74.75761233949146
5744,CurrentCompanyType,87.44940867929034
16797,MartialStatus,64.88859900835334
9827,MartialStatus,58.927341571987384
2268,CurrentCompanyType,83.80732913437805
12633,MartialStatus,63.89134819724849
14054,DegreeBranch,76.68555739713236
12106,MartialStatus,69.61249570786453
3679,CurrentCompanyType,78.45960936016101
15024,MartialStatus,68.62987982192658
18051,CurrentCompanyType,92.25505217672354
17861,DegreeBranch,78.38925064012481
19681,MartialStatus,66.09918705029696
13025,LatestDegreeCGPA,84.82464270984079
24093,MartialStatus,73.21618437161861
5554,MartialStatus,67.73100033833785
10916,MartialStatus,69.50647542116151
15543,LatestDegreeCGPA,75.98263144486478
3452,MartialStatus,65.16009862771187
7919,LatestDegreeCGPA,79.07801766669142
12381,CurrentCompanyType,83.97693729695256
21663,DegreeBranch,73.88173297839259
12863,LatestDegreeCGPA,71.51545431454781
18081,MartialStatus,69.73550822908621
8067,CurrentCompanyType,88.75250534002699
4274,LatestDegreeCGPA,83.53187118656524
3814,LatestDegreeCGPA,75.55634681235108
21633,MartialStatus,61.608671835112
19513,DegreeBranch,80.91262934775763
9758,MartialStatus,63.022855235507
6162,LatestDegreeCGPA,73.93994643169546
20984,MartialStatus,68.61150782383332
4728,NA,69.50100790042521
24130,CurrentCompanyType,87.77821830033943
23322,MartialStatus,72.81036630395892
4430,DegreeBranch,79.59774951290215
22502,DegreeBranch,75.45600102210437
21589,EmpScore,81.3974934434048
24295,LatestDegreeCGPA,78.86693867936224
23503,CurrentCompanyType,84.87757030610723
6027,CurrentCompanyType,83.26748184298754
16279,MartialStatus,60.88148182413488
8709,LatestDegreeCGPA,79.13595469574499
18531,MartialStatus,72.72767771967608
21952,MartialStatus,67.36965665927609
10710,CurrentCompanyType,87.27528889801567
21551,MartialStatus,71.33599861455625
12631,CurrentCompanyType,82.05735169231897
21843,MartialStatus,65.33616520126371
12510,LatestDegreeCGPA,81.36469164534151
23294,LatestDegreeCGPA,85.87779729649807
7719,LatestDegreeCGPA,89.28564842773919
22944,MartialStatus,74.10039591193689
21081,LatestDegreeCGPA,69.54618129105333
13988,LatestDegreeCGPA,82.89159922708141
10330,NA,72.15951538845079
13027,CurrentCompanyType,92.95581582402787
14443,MartialStatus,67.02653990633104
15509,LatestDegreeCGPA,68.93058016077906
8413,MartialStatus,70.2919736467746
8195,EmpScore,72.96614470502914
20793,MartialStatus,65.75093371197214
13591,DegreeBranch,78.8633310214168
20709,DegreeBranch,79.06526680554727
13732,DegreeBranch,73.74674669019686
5961,DegreeBranch,80.12317632094084
15736,DegreeBranch,80.66031250402456
19258,MartialStatus,69.16333916095806
6382,CurrentCompanyType,83.09964509699341
22394,DegreeBranch,81.75496785664063
3968,CurrentCompanyType,74.82773233692458
11859,CurrentCompanyType,86.56087866393092
7611,CurrentCompanyType,88.16400563088727
22207,DegreeBranch,75.54271262807347
19025,MartialStatus,72.08820915008194
6588,LatestDegreeCGPA,74.99358116477937
5156,MartialStatus,65.43642521059549
8039,DegreeBranch,79.27558548403393
10324,CurrentCompanyType,79.85200056016879
9668,MartialStatus,60.988041218701184
11745,DegreeBranch,71.0122440849809
14745,CurrentCompanyType,80.46776676571594
2906,DegreeBranch,73.41895440109299
15562,CurrentCompanyType,85.4898460315485
19133,EmpScore,72.6859289886582
17128,DegreeBranch,75.44583399092778
20903,CurrentCompanyType,84.1347967533817
13530,LatestDegreeCGPA,74.98555760189527
24217,LatestDegreeCGPA,88.3867733677522
10166,MartialStatus,66.37148074515385
22649,DegreeBranch,81.3377124699305
24345,LatestDegreeCGPA,79.64615252162375
24354,DegreeBranch,82.52950936259796
4947,MartialStatus,75.65865229568205
19992,MartialStatus,71.01521310898863
3169,MartialStatus,66.85724532503173
2750,MartialStatus,64.64419980408965
2694,MartialStatus,65.70616125812542
14839,CurrentCompanyType,83.12788546998428
7171,LatestDegreeCGPA,73.32150019791601
5838,CurrentCompanyType,86.16233558980247
4517,LatestDegreeCGPA,67.66085105475415
21627,EmpScore,74.04642076703118
20076,MartialStatus,64.46219104394825
11398,CurrentCompanyType,78.18718470843396
2725,MartialStatus,56.49982657738457
4589,CurrentCompanyType,73.84491983126426
9251,CurrentCompanyType,76.56922828310209
23897,LatestDegreeCGPA,82.27237179639751
2350,EmpScore,79.93928905868935
11506,CurrentCompanyType,74.63515254983398
18878,EmpScore,74.0887270625647
11362,CurrentCompanyType,78.05070094188501
4571,MartialStatus,54.86993861893238
23787,CurrentCompanyType,89.34428255332027
22773,LatestDegreeCGPA,81.69292024181576
7760,NA,69.09297715203411
22890,CurrentCompanyType,84.20599583397959
19326,CurrentCompanyType,73.13713595609417
14258,DegreeBranch,76.05553947642184
17862,EmpScore,78.04791213571139
21033,CurrentCompanyType,75.56858190460864
6681,CurrentCompanyType,86.1833104866911
13067,MartialStatus,74.25608441774745
21792,DegreeBranch,82.88272399446326
9266,MartialStatus,66.98692385088917
18057,LatestDegreeCGPA,83.858007848337
6837,CurrentCompanyType,76.23237920406383
14853,DegreeBranch,81.15991253068032
19506,CurrentCompanyType,76.67996145806256
24141,DegreeBranch,79.60923978061048
20198,MartialStatus,67.95967265100427
12147,MartialStatus,68.05911675976533
11290,NA,73.48559902966316
15572,MartialStatus,71.87192450417506
13925,DegreeBranch,82.0800369783631
11378,EmpScore,73.2661167976926
23836,CurrentCompanyType,88.07012455766811
20682,CurrentCompanyType,75.77727626530435
12221,MartialStatus,70.1099928448174
7219,DegreeBranch,80.3737750512064
7966,DegreeBranch,80.89389676335901
7776,MartialStatus,61.786231469191534
18712,LatestDegreeCGPA,74.19418424507383
14120,DegreeBranch,76.90637075552542
9538,NA,70.6734231896812
19444,LatestDegreeCGPA,74.05646272264197
13820,DegreeBranch,74.62307586924715
17112,DegreeBranch,77.52134359300317
16801,MartialStatus,56.577635176130414
24057,EmpScore,80.56338787510123
14574,LatestDegreeCGPA,72.5793943311178
17828,MartialStatus,58.15635256447425
3605,CurrentCompanyType,85.7909563520175
19601,LatestDegreeCGPA,72.47694642442725
21294,DegreeBranch,80.54123320704063
14626,MartialStatus,70.2470070590893
3678,CurrentCompanyType,80.90532391025383
3888,CurrentCompanyType,78.02463263062887
13931,CurrentCompanyType,75.34885234758521
18661,DegreeBranch,77.21038239434915
19871,CurrentCompanyType,83.48384674398667
2742,MartialStatus,68.94534190944519
15870,DegreeBranch,73.43312809183797
12136,DegreeBranch,77.6802173458353
22062,DegreeBranch,79.24368095153149
17440,CurrentCompanyType,88.92562632468668
18088,LatestDegreeCGPA,83.49180910525365
3441,LatestDegreeCGPA,83.47949831333489
16366,CurrentCompanyType,88.65670499155846
20930,DegreeBranch,71.12238722586909
2329,MartialStatus,60.91494777295088
7523,CurrentCompanyType,90.46955792782049
8627,MartialStatus,69.66802146438656
12969,EmpScore,71.31754598654834
6236,CurrentCompanyType,88.2067041035987
4337,MartialStatus,71.6665715945003
7845,CurrentCompanyType,88.20007352177626
16951,MartialStatus,67.38014349711283
3559,CurrentCompanyType,85.59210307441214
15847,CurrentCompanyType,89.25341627478129
8568,MartialStatus,70.83275125815602
17524,MartialStatus,70.93373567601654
5681,MartialStatus,65.46544755829323
11685,CurrentCompanyType,84.4927683154457
2821,MartialStatus,67.69044626007725
6195,MartialStatus,66.6329641809383
19454,DegreeBranch,73.53654064907438
17110,LatestDegreeCGPA,67.03314014795275
20053,MartialStatus,66.55931068162381
21593,MartialStatus,67.61210683823484
8331,DegreeBranch,78.22821362876383
7713,MartialStatus,69.40124472737699
20556,DegreeBranch,82.43524541281629
22574,DegreeBranch,80.1720292051468
4260,DegreeBranch,77.65286853811817
2620,DegreeBranch,72.36227491956406
12845,LatestDegreeCGPA,71.87588297094739
22591,CurrentCompanyType,89.13350563868822
12632,DegreeBranch,79.97457940918204
23079,DegreeBranch,75.33102033895786
16898,DegreeBranch,84.1865851596654
15881,LatestDegreeCGPA,86.07552124065931
14122,CurrentCompanyType,89.61774885075747
5836,DegreeBranch,79.71390536002123
4586,DegreeBranch,76.82181444179834
4358,CurrentCompanyType,80.06661459298955
10519,DegreeBranch,78.73337462078574
6450,MartialStatus,62.68878876304037
16664,EmpScore,80.91743732752376
16248,CurrentCompanyType,83.48124961037647
2688,DegreeBranch,85.69098839674031
9625,EmpScore,77.89783236740628
21812,DegreeBranch,81.32286154453668
13538,CurrentCompanyType,85.71619230784741
8615,MartialStatus,64.47628475541104
15852,CurrentCompanyType,88.77050514241363
19930,DegreeBranch,76.20890331481706
23891,LatestDegreeCGPA,77.5364511206683
10392,DegreeBranch,78.18729479487384
16712,CurrentCompanyType,88.8985082674267
22647,DegreeBranch,80.45278314473416
24048,EmpScore,78.19057821996726
7641,DegreeBranch,80.82688195452472
12250,LatestDegreeCGPA,69.35991342326234
3034,CurrentCompanyType,91.20561882426068
13995,DegreeBranch,71.11367211729632
6759,DegreeBranch,84.24844179266589
2575,LatestDegreeCGPA,80.55877155347974
10461,LatestDegreeCGPA,79.10128760926494
11083,CurrentCompanyType,77.71027587113176
19411,LatestDegreeCGPA,78.23792891039021
24298,EmpScore,76.49406871933475
15490,EmpScore,79.38221791508126
19473,MartialStatus,67.34704432611278
14391,LatestDegreeCGPA,65.10402843647393
13072,EmpScore,70.32670689067582
19171,MartialStatus,66.02239524467453
4087,DegreeBranch,78.04067465306184
8918,DegreeBranch,73.26461259430756
2138,CurrentCompanyType,88.23029638360484
17584,DegreeBranch,73.37328055667572
14691,NA,69.78127657515593
7174,MartialStatus,75.21793870696165
12739,MartialStatus,72.46922679821402
19105,MartialStatus,60.921418226661245
20787,MartialStatus,68.30405135051538
15725,LatestDegreeCGPA,73.7972342890232
6791,DegreeBranch,77.16112025650654
19154,MartialStatus,57.58281410223645
18801,DegreeBranch,81.11025985700184
17712,MartialStatus,62.731505727112015
22190,MartialStatus,66.1365115525287
18123,CurrentCompanyType,85.87496619089313
12908,DegreeBranch,80.32876498061735
5213,MartialStatus,69.53681120182429
21348,EmpScore,77.15977249662156
18222,MartialStatus,54.922736983190966
23255,DegreeBranch,79.28054289954038
3070,CurrentCompanyType,70.98367276781025
3248,CurrentCompanyType,75.02461472610662
19260,MartialStatus,63.071967862527984
3063,MartialStatus,64.74632538984683
16666,CurrentCompanyType,73.15068656100313
16048,LatestDegreeCGPA,78.95513831874696
16361,MartialStatus,62.45296853993983
22206,DegreeBranch,79.09208607501722
11485,MartialStatus,67.25185393369964
7468,MartialStatus,59.64190809167232
9470,MartialStatus,59.30991319407153
16427,DegreeBranch,80.99991059476424
4921,LatestDegreeCGPA,71.53202422716899
8189,MartialStatus,64.24950197718346
14697,DegreeBranch,77.03587980911114
9364,LatestDegreeCGPA,77.30850070141109
17040,NA,62.61108066579713
9122,MartialStatus,64.18751081152368
4418,MartialStatus,63.08708581331274
7388,EmpScore,82.62929260771912
17206,MartialStatus,67.46699529545958
18136,MartialStatus,60.375886605958286
14988,DegreeBranch,73.34454871826611
22907,LatestDegreeCGPA,75.01678398938253
16642,NA,64.81369512656877
19353,DegreeBranch,77.08719210090246
20201,MartialStatus,63.371714259334304
2698,CurrentCompanyType,88.58211750488215
19122,MartialStatus,64.01928267904785
6495,CurrentCompanyType,78.68329207241844
5745,CurrentCompanyType,91.12629154951745
18763,EmpScore,73.48280264693176
20376,CurrentCompanyType,91.74327860073818
3444,MartialStatus,65.61606303325937
8143,EmpScore,82.54243885676448
17616,CurrentCompanyType,71.50372954565363
12337,DegreeBranch,85.87956620296984
2202,DegreeBranch,84.55465892573432
10255,MartialStatus,62.684395129153316
18788,LatestDegreeCGPA,83.53600387919893
17697,MartialStatus,62.686054090158564
7200,MartialStatus,72.70494299154747
2935,EmpScore,74.02535966021495
12758,CurrentCompanyType,72.31741189262743
4185,CurrentCompanyType,87.61786399454725
3342,DegreeBranch,81.96969796989033
2507,DegreeBranch,77.57629504974774
22594,DegreeBranch,83.79886019049007
6378,EmpScore,77.21256843714379
18848,EmpScore,82.1415045568787
17817,MartialStatus,71.08820589629295
23275,MartialStatus,71.71975029943505
5775,DegreeBranch,73.08057013699585
23987,CurrentCompanyType,78.04763300546384
10931,CurrentCompanyType,80.40503686156586
22124,LatestDegreeCGPA,66.71140558402847
3445,CurrentCompanyType,85.09285195167391
10911,DegreeBranch,80.10211149422565
20967,CurrentCompanyType,89.57210147664662
19199,LatestDegreeCGPA,83.20493205422432
23643,MartialStatus,74.32664784486818
15638,CurrentCompanyType,76.39170090678621
3145,MartialStatus,65.6658229158304
19064,DegreeBranch,78.24131028536365
16994,EmpScore,73.2591472247963
8119,EmpScore,82.0746364819327
5485,DegreeBranch,73.78369064373811
19109,CurrentCompanyType,82.40211905890855
18619,MartialStatus,64.05508695304346
8388,MartialStatus,62.1629693234327
3125,LatestDegreeCGPA,66.37318328232386
16804,MartialStatus,65.37197915216915
16735,CurrentCompanyType,76.9610251077906
8674,MartialStatus,65.09969489512541
9283,LatestDegreeCGPA,71.65844218103611
11184,MartialStatus,62.198016177113836
22821,MartialStatus,68.35698691689761
16751,NA,66.79282569362488
15367,CurrentCompanyType,74.41922559985298
8227,LatestDegreeCGPA,82.60807978991379
15365,MartialStatus,67.99149196927871
18972,MartialStatus,58.40588027080872
9010,MartialStatus,75.62948580986287
17289,MartialStatus,66.43841557989177
12933,CurrentCompanyType,91.95532069447682
16944,DegreeBranch,79.66777727405707
8935,MartialStatus,65.8479616100314
4040,EmpScore,72.73426643607074
20671,CurrentCompanyType,90.02228473218042
2139,CurrentCompanyType,79.43003731354047
14173,EmpScore,77.92693254267539
7045,NA,71.17305250283698
4528,EmpScore,79.48487414973577
6696,DegreeBranch,76.14262605355334
6867,CurrentCompanyType,89.51230217972804
10094,DegreeBranch,83.81121013246224
8406,MartialStatus,67.69011227403846
11712,DegreeBranch,74.70620681370892
2376,MartialStatus,75.91610955240098
4870,DegreeBranch,74.8010009006733
13619,NA,71.47367763643298
17115,DegreeBranch,78.89160766949766
8091,CurrentCompanyType,85.76606602614726
15386,MartialStatus,69.95610337074233
5198,CurrentCompanyType,87.6714708899372
11950,CurrentCompanyType,89.68280480068171
14325,DegreeBranch,77.6698748176697
18889,MartialStatus,71.27549522777574
18657,LatestDegreeCGPA,78.19441953362879
19424,DegreeBranch,80.96671620229594
11116,MartialStatus,67.4724105325354
12786,DegreeBranch,80.0879389683646
10237,CurrentCompanyType,72.82243035749184
16282,CurrentCompanyType,75.83077896230797
10014,DegreeBranch,81.34540753571737
23727,DegreeBranch,73.96771632713299
13970,MartialStatus,65.65421501123143
14067,CurrentCompanyType,77.32826354857234
21778,DegreeBranch,74.26098493210961
19088,MartialStatus,77.62915255360697
7959,CurrentCompanyType,87.8620077253334
23795,LatestDegreeCGPA,78.73869766167141
20582,MartialStatus,68.75713559982567
11225,MartialStatus,69.18492497382708
17587,MartialStatus,70.30296738439993
9797,MartialStatus,63.68760820474144
8524,DegreeBranch,80.62929322930518
6144,MartialStatus,69.95002273744929
19495,EmpScore,80.66160465036695
6103,DegreeBranch,79.53408080550383
7815,MartialStatus,75.01461096550868
15359,CurrentCompanyType,93.58149114057389
18625,DegreeBranch,79.58684575586808
3148,CurrentCompanyType,74.77972561158352
8678,NA,71.78882916472386
9118,CurrentCompanyType,92.87944762260375
7124,MartialStatus,74.23487203211481
18055,DegreeBranch,84.05065796709516
14279,DegreeBranch,85.28669695857837
5074,MartialStatus,66.60898805738314
2008,DegreeBranch,71.92341888532287
15144,NA,71.13404155819552
5042,CurrentCompanyType,78.81354585610593
4461,DegreeBranch,77.27448457845684
20674,DegreeBranch,83.57057812109707
6142,MartialStatus,63.54451420290704
17534,DegreeBranch,77.52990756463048
13592,MartialStatus,71.06791271201052
6536,DegreeBranch,78.64010831861317
9585,LatestDegreeCGPA,85.63382252592837
13399,MartialStatus,63.111663543562784
24357,LatestDegreeCGPA,74.25127065414718
5376,DegreeBranch,78.49117788022873
13046,MartialStatus,64.10093890920137
2433,DegreeBranch,73.48678518752796
10851,MartialStatus,69.77456142086477
5914,EmpScore,79.41433696047936
23211,MartialStatus,66.92149361406167
17657,LatestDegreeCGPA,81.32303572512657
15802,NA,71.33996005742618
10523,DegreeBranch,78.08552183412155
10419,CurrentCompanyType,88.43159268639826
18663,EmpScore,74.27295173976378
20489,MartialStatus,72.83796930572672
14230,MartialStatus,60.46869256693661
7188,MartialStatus,68.26621576627501
13418,MartialStatus,70.65562761016889
15536,CurrentCompanyType,85.44907574111765
11049,LatestDegreeCGPA,86.67676922387751
8206,LatestDegreeCGPA,78.206887695702
17227,CurrentCompanyType,71.70747863977317
11597,DegreeBranch,75.9579111752537
6728,MartialStatus,65.64839669699873
14642,MartialStatus,69.24123194756689
21347,LatestDegreeCGPA,76.95111103791022
5292,DegreeBranch,78.96042032857443
3102,CurrentCompanyType,86.99148492791514
4940,DegreeBranch,78.19517799813748
17123,MartialStatus,71.12696313531028
8225,CurrentCompanyType,85.27018762823538
3414,DegreeBranch,78.24889507804212
8850,LatestDegreeCGPA,81.2654266159956
17222,MartialStatus,66.48497383266225
4215,MartialStatus,63.42979875508476
4499,LatestDegreeCGPA,80.73629068208224
12416,DegreeBranch,82.27192932660368
2119,LatestDegreeCGPA,77.11614744235312
17673,NA,72.85227945187798
21711,CurrentCompanyType,85.17404488995683
23647,LatestDegreeCGPA,86.48683682266928
15470,LatestDegreeCGPA,80.25510844608664
22400,CurrentCompanyType,76.01741730464099
8571,NA,68.9569676539219
19345,DegreeBranch,83.62596135282085
3048,LatestDegreeCGPA,74.36781019698316
12722,CurrentCompanyType,77.15521674488546
14738,MartialStatus,67.46360039035713
11558,CurrentCompanyType,87.05457148382317
20894,EmpScore,81.22224058290986
11367,DegreeBranch,72.05840659142365
15106,LatestDegreeCGPA,76.381612955955
6245,MartialStatus,64.72310217964879
9100,MartialStatus,65.78820606359439
14850,MartialStatus,65.3746733161887
9568,MartialStatus,65.62637886582922
21940,DegreeBranch,75.12602961497271
11600,CurrentCompanyType,89.4873590302123
23411,MartialStatus,64.99575184167026
14735,CurrentCompanyType,73.90175100683251
14566,CurrentCompanyType,75.09840139219573
16931,MartialStatus,64.83910687076141
11464,MartialStatus,73.14360644224995
14227,DegreeBranch,71.59224593277506
11812,DegreeBranch,80.83696471702949
10653,DegreeBranch,81.28603732905276
16080,CurrentCompanyType,91.40763974855477
5970,NA,66.75947182534188
19178,CurrentCompanyType,86.46168069711375
3150,CurrentCompanyType,81.93856047652838
15412,DegreeBranch,76.51715426440529
23911,LatestDegreeCGPA,79.6605868332898
7517,MartialStatus,67.13103371995007
3625,LatestDegreeCGPA,78.3255834529281
2544,CurrentCompanyType,91.23014199625729
21736,LatestDegreeCGPA,71.40778237692194
3707,DegreeBranch,77.39411566004948
17101,MartialStatus,66.1729109767201
15265,CurrentCompanyType,87.73858467754025
9061,MartialStatus,73.49142875693198
20751,MartialStatus,67.55467779856932
22484,LatestDegreeCGPA,71.1776621820694
5347,DegreeBranch,77.85758620097423
6950,CurrentCompanyType,76.7594257937007
12351,CurrentCompanyType,87.09509389662145
22799,DegreeBranch,79.01891022621608
18001,MartialStatus,67.63517201535738
15607,LatestDegreeCGPA,88.12432455138568
21281,NA,63.86665016371069
15073,MartialStatus,62.7346439220345
12720,DegreeBranch,80.70260662771035
8968,DegreeBranch,83.33938731675666
19939,DegreeBranch,79.39417930748236
22505,CurrentCompanyType,89.48897789785234
19050,LatestDegreeCGPA,79.87805642680637
18492,CurrentCompanyType,85.44463205157214
11029,DegreeBranch,77.46528634943124
3801,EmpScore,75.51367372518509
8624,NA,74.14467583392018
23589,CurrentCompanyType,86.15323390034746
8475,CurrentCompanyType,88.57040643370718
11902,LatestDegreeCGPA,66.31086317493735
11949,DegreeBranch,76.46535800485572
18517,DegreeBranch,82.8705139797359
8422,NA,70.18481427422748
17664,DegreeBranch,79.84460750043161
20047,MartialStatus,68.81340600952454
12201,LatestDegreeCGPA,83.5637388007988
24229,MartialStatus,74.41529238992504
8112,LatestDegreeCGPA,85.71871317887677
10208,DegreeBranch,77.90087907653657
2511,EmpScore,74.81611036481618
6202,DegreeBranch,79.83586931282193
18740,LatestDegreeCGPA,75.09832549712225
6727,DegreeBranch,83.11670085628273
7930,LatestDegreeCGPA,79.87554403990777
4699,CurrentCompanyType,82.7966549839101
24016,MartialStatus,66.92864859458157
3549,EmpScore,74.95724980487176
17218,LatestDegreeCGPA,81.48031272843855
11427,CurrentCompanyType,88.53924882514495
14300,DegreeBranch,77.30972413524444
14603,DegreeBranch,83.80001904456795
20946,MartialStatus,67.99377104818717
15291,NA,73.28899958282257
6520,MartialStatus,71.1248626829608
16354,MartialStatus,71.43767033419161
18192,CurrentCompanyType,86.63419285406616
2854,CurrentCompanyType,87.29324793799154
10579,LatestDegreeCGPA,74.45254277734745
15223,EmpScore,75.92251695640536
24276,CurrentCompanyType,84.82816717798136
3661,CurrentCompanyType,77.47399787247649
5303,CurrentCompanyType,74.9372024003262
15420,CurrentCompanyType,93.68580680988073
16215,DegreeBranch,80.32630356780348
6886,LatestDegreeCGPA,83.36973002221075
2451,MartialStatus,71.94892687882457
21874,DegreeBranch,74.18562206644647
12131,CurrentCompanyType,89.31714924156884
7741,CurrentCompanyType,73.15906449150756
4037,LatestDegreeCGPA,80.66795988686587
23096,MartialStatus,62.9889514719126
3956,MartialStatus,67.21377809692935
3793,DegreeBranch,86.08522788752467
11480,CurrentCompanyType,76.12502754732142
4406,MartialStatus,65.92478384343725
21471,LatestDegreeCGPA,68.54268660870332
8452,LatestDegreeCGPA,75.36948272954436
11996,MartialStatus,72.75141276488115
2528,CurrentCompanyType,83.81767937420719
5634,NA,65.34110927923993
10011,DegreeBranch,73.27316820357007
3453,DegreeBranch,85.11247616595311
11937,CurrentCompanyType,91.7141939295741
16575,CurrentCompanyType,71.05463121384527
23090,MartialStatus,71.34500396967495
21282,MartialStatus,75.63084321069259
11440,DegreeBranch,79.50131343167806
2034,CurrentCompanyType,86.67256450631376
8415,CurrentCompanyType,88.0780264192829
19253,MartialStatus,67.62695080625295
19808,EmpScore,81.32973540275758
2930,DegreeBranch,75.78235056791947
12976,DegreeBranch,75.3528481638196
16595,EmpScore,76.74550222852189
3269,MartialStatus,68.04331032066169
21832,LatestDegreeCGPA,67.90203440099307
15428,DegreeBranch,78.59840467282505
9743,MartialStatus,71.09072294828567
12118,DegreeBranch,83.06667484754306
23175,MartialStatus,70.27522955318881
15052,NA,67.8615009259153
7102,CurrentCompanyType,90.19211042593136
24150,MartialStatus,71.66538645475822
17682,CurrentCompanyType,71.9293210585388
23360,CurrentCompanyType,86.22950191799353
18562,CurrentCompanyType,87.68917438785722
7594,DegreeBranch,75.80629428530128
9480,CurrentCompanyType,87.87302422113447
20872,LatestDegreeCGPA,67.34558455512742
21314,DegreeBranch,83.22690334938547
2703,CurrentCompanyType,84.85372992569732
22796,NA,69.91155066270964
13668,MartialStatus,68.27118199859014
2609,DegreeBranch,79.95192117616826
11663,LatestDegreeCGPA,71.91457536310827
9409,LatestDegreeCGPA,84.8375474499436
3781,DegreeBranch,77.06457184730817
4516,MartialStatus,71.97340092419807
17423,LatestDegreeCGPA,84.68734258035308
6684,MartialStatus,74.56875497310091
15398,MartialStatus,63.919377548051116
7769,CurrentCompanyType,89.60878345882996
16724,LatestDegreeCGPA,80.10910252065507
24368,DegreeBranch,74.82655369577007
6132,NA,68.4794461280941
10693,DegreeBranch,75.29228335515162
16833,CurrentCompanyType,80.47003324031294
2692,MartialStatus,68.28988186371718
22987,LatestDegreeCGPA,73.43520251481327
5282,LatestDegreeCGPA,74.60501905734415
4597,MartialStatus,67.09664820151987
17284,DegreeBranch,79.72633419884568
18999,MartialStatus,70.9806511647933
14828,CurrentCompanyType,85.95939845983807
2729,MartialStatus,67.0702129453653
14806,DegreeBranch,85.00463999358442
20021,MartialStatus,76.40359177988505
14024,EmpScore,76.49992565491345
21165,DegreeBranch,76.11894544732559
10837,CurrentCompanyType,87.43084154550142
17199,DegreeBranch,79.07723768045193
2679,EmpScore,74.20201921738597
20225,CurrentCompanyType,88.45629963191168
14139,EmpScore,73.96843691014546
22956,MartialStatus,70.97323716016595
13029,DegreeBranch,79.7197686968751
6346,DegreeBranch,75.69563206976353
20917,DegreeBranch,79.84915436997804
20357,DegreeBranch,77.93210321054232
20144,DegreeBranch,83.59184718981649
6532,MartialStatus,66.06608295520175
19987,MartialStatus,63.72144507423317
10235,MartialStatus,59.925841747114944
13145,MartialStatus,54.81142636317953
22071,CurrentCompanyType,78.71122650880804
9071,MartialStatus,67.35946066603462
4707,CurrentCompanyType,85.52508883992064
9537,EmpScore,82.08479528037546
15874,CurrentCompanyType,84.04305778972987
4885,DegreeBranch,74.9368708639119
12777,MartialStatus,71.91182893093467
22596,MartialStatus,66.88971165343213
15770,CurrentCompanyType,86.82977019419354
9368,CurrentCompanyType,77.70395584870245
7855,DegreeBranch,76.79431265478293
6880,LatestDegreeCGPA,75.26004018100681
4268,MartialStatus,75.38373726746636
7809,MartialStatus,72.65854773563059
21497,CurrentCompanyType,73.82943065549216
3512,DegreeBranch,73.25430371632905
19263,DegreeBranch,85.41163953703158
23293,EmpScore,81.14453936341238
5760,CurrentCompanyType,84.71450254255831
23561,LatestDegreeCGPA,84.20196718916563
12915,LatestDegreeCGPA,76.94627138686253
16792,LatestDegreeCGPA,70.33475972284525
14524,DegreeBranch,68.91774748775143
10707,MartialStatus,71.40109681690079
8576,MartialStatus,64.54801354900097
16360,DegreeBranch,77.37535222784969
14556,DegreeBranch,76.22529737984372
19644,MartialStatus,68.98435694094367
12288,MartialStatus,74.45219070109421
22525,LatestDegreeCGPA,78.9259281798177
12742,MartialStatus,64.64269253015911
19033,LatestDegreeCGPA,84.39937636387772
17026,EmpScore,68.01573711130968
5412,DegreeBranch,74.12320606835752
13344,MartialStatus,77.7046251000939
19666,DegreeBranch,73.99745178385626
8598,MartialStatus,64.83127303924476
19628,MartialStatus,70.78053487245933
12847,MartialStatus,70.44613028652292
2159,NA,66.00052430495161
13971,MartialStatus,62.802911015022524
11524,CurrentCompanyType,91.70819820362654
23834,DegreeBranch,77.13030272642156
19608,MartialStatus,74.0711353980895
18255,LatestDegreeCGPA,69.8941467306118
19640,CurrentCompanyType,85.65971824373752
9967,DegreeBranch,81.08589674641108
16537,LatestDegreeCGPA,77.09141544094
17447,CurrentCompanyType,75.25333079878469
12254,CurrentCompanyType,88.41153588450672
6815,DegreeBranch,71.40676943954011
4740,LatestDegreeCGPA,72.96796478193664
5426,LatestDegreeCGPA,85.31906057003889
7932,MartialStatus,68.95198013617895
8133,DegreeBranch,77.25401448556319
21754,CurrentCompanyType,73.45775365860811
12941,DegreeBranch,83.63685344157659
14494,LatestDegreeCGPA,72.35938169643751
23145,MartialStatus,61.21386235002687
20881,DegreeBranch,77.03055700268656
20637,DegreeBranch,78.86911971095452
18620,CurrentCompanyType,79.87468128865707
4650,MartialStatus,71.51872089165214
23842,MartialStatus,72.57496130642053
4722,MartialStatus,56.00333190939348
8197,MartialStatus,67.48699746202051
20966,NA,62.89108574166687
22565,MartialStatus,68.46671516292194
14013,NA,67.20613927286948
6898,DegreeBranch,79.63944291975328
15838,DegreeBranch,79.7466977946346
5157,DegreeBranch,81.82043060407845
20771,CurrentCompanyType,81.29427152729934
13249,EmpScore,79.06593274085408
8058,LatestDegreeCGPA,75.39264223807467
8360,MartialStatus,66.59454151948937
8756,MartialStatus,68.39269148892689
21407,MartialStatus,69.55978638054631
6273,MartialStatus,66.76544233640541
16938,CurrentCompanyType,83.76952204839387
2026,DegreeBranch,81.25563276523377
12276,MartialStatus,64.36742285122104
10576,DegreeBranch,78.7892328494411
14108,CurrentCompanyType,84.8600384117596
18227,LatestDegreeCGPA,73.29246937435857
13007,DegreeBranch,85.300670688834
8774,LatestDegreeCGPA,86.7604376353986
15170,DegreeBranch,74.74064243993784
11319,CurrentCompanyType,87.999775429625
16453,NA,69.29024770336959
5599,MartialStatus,71.96092743804294
5295,DegreeBranch,76.48354025442157
12453,DegreeBranch,74.04003629997148
12949,DegreeBranch,77.47467773492113
20354,LatestDegreeCGPA,74.07222743807887
7924,CurrentCompanyType,80.53436330640304
3651,CurrentCompanyType,76.40116969076247
17457,MartialStatus,70.74780961085801
5015,MartialStatus,66.41939872102516
8407,MartialStatus,74.721525475169
18105,DegreeBranch,82.73223247895594
21901,CurrentCompanyType,87.68367915191361
13203,MartialStatus,62.47587666701621
10063,CurrentCompanyType,87.31500512166626
16904,CurrentCompanyType,88.26713393497582
21494,DegreeBranch,84.36386983515177
15268,CurrentCompanyType,82.62238809601152
9430,DegreeBranch,80.08706765840006
3109,NA,73.1123481746855
19667,CurrentCompanyType,82.1941423890557
7753,CurrentCompanyType,76.88883257369119
2958,MartialStatus,76.33527138723406
15525,CurrentCompanyType,76.51320411689113
11884,EmpScore,81.07258222472696
3978,DegreeBranch,83.13861504107479
7110,DegreeBranch,77.78215723344991
14118,MartialStatus,60.52036496085741
2321,CurrentCompanyType,82.6806754252631
18823,MartialStatus,63.471091771759845
10593,LatestDegreeCGPA,74.59641970434473
13768,DegreeBranch,81.98410614493697
8172,DegreeBranch,77.33701838279197
2077,DegreeBranch,78.03862769661905
2442,DegreeBranch,78.74787652141491
8203,CurrentCompanyType,89.6449080993388
8009,LatestDegreeCGPA,89.62168483058944
11284,DegreeBranch,82.9310245766655
5504,CurrentCompanyType,77.01429914584381
18634,MartialStatus,69.69031964086604
10985,LatestDegreeCGPA,68.27249961278353
10311,CurrentCompanyType,86.05879152529391
11860,DegreeBranch,79.28643667652372
16069,MartialStatus,66.3417020084277
3235,MartialStatus,60.57151523894974
17901,LatestDegreeCGPA,80.07860111256656
24315,DegreeBranch,83.2846785974547
19623,MartialStatus,60.04022308461738
4056,MartialStatus,66.66987939765112
14107,DegreeBranch,77.73492009671685
19859,LatestDegreeCGPA,80.06045985367956
19001,MartialStatus,68.36643977629824
19983,DegreeBranch,87.0794415768161
5999,MartialStatus,62.612659304640744
8402,CurrentCompanyType,80.32338918424098
22807,DegreeBranch,75.14638199773164
17833,MartialStatus,69.65699862884331
5013,EmpScore,66.98305731015408
20052,CurrentCompanyType,84.25510888631587
12188,MartialStatus,69.08589274299581
10363,LatestDegreeCGPA,72.91212219701163
24052,LatestDegreeCGPA,70.29827503984069
17273,CurrentCompanyType,82.13558354013213
22651,LatestDegreeCGPA,74.49317791220136
6726,MartialStatus,68.82250782891064
16473,MartialStatus,73.34918655400621
15222,CurrentCompanyType,77.89513781559445
4265,DegreeBranch,81.24659234082418
7850,DegreeBranch,76.19147504442935
21134,LatestDegreeCGPA,67.26314856637174
13300,DegreeBranch,76.74552053219602
4628,MartialStatus,70.65467363809815
7412,CurrentCompanyType,90.39048680033102
17728,CurrentCompanyType,80.52107412611672
18725,LatestDegreeCGPA,87.5611724941305
19217,DegreeBranch,71.98791386497105
6170,LatestDegreeCGPA,72.5139249483319
19257,CurrentCompanyType,85.22773275140122
4980,MartialStatus,64.46017923392002
9052,DegreeBranch,83.33789136014175
15550,LatestDegreeCGPA,69.41115421357213
4492,DegreeBranch,80.16382106801147
12326,LatestDegreeCGPA,88.44451899448063
9675,DegreeBranch,78.33077922609107
22811,LatestDegreeCGPA,84.5884409625428
14194,MartialStatus,72.71440404997867
11520,DegreeBranch,81.12601960052395
10755,LatestDegreeCGPA,83.98343128643745
8369,DegreeBranch,81.44290846794584
12766,LatestDegreeCGPA,80.57288661159518
7785,MartialStatus,65.46824333439034
7428,LatestDegreeCGPA,68.18438944903725
11606,DegreeBranch,78.65980113355437
22155,LatestDegreeCGPA,75.76525020449044
18386,CurrentCompanyType,72.44925987374029
17554,CurrentCompanyType,88.98469927527938
12745,DegreeBranch,76.56011701260108
8673,CurrentCompanyType,75.86865453917598
10774,MartialStatus,68.78374370014822
18016,MartialStatus,67.6240901586805
10509,MartialStatus,70.389816347676
8923,DegreeBranch,76.92355118326455
4537,CurrentCompanyType,84.3350193317004
14132,MartialStatus,63.78344021344289
5809,MartialStatus,75.72523833995454
23567,MartialStatus,62.97122477767055
11330,MartialStatus,73.68547593388652
14518,CurrentCompanyType,86.80516409293071
10929,EmpScore,82.7028214412704
15145,MartialStatus,61.987539947695154
22372,LatestDegreeCGPA,80.31110013529214
13673,MartialStatus,61.72524235351275
9062,DegreeBranch,77.1148854867215
23282,MartialStatus,61.316156780326835
3718,CurrentCompanyType,77.3839463045276
20711,DegreeBranch,77.73445285420175
20766,CurrentCompanyType,77.94598146772371
5534,MartialStatus,66.25124846268126
5053,MartialStatus,67.81673182342026
7530,MartialStatus,63.34865653552928
15952,NA,66.1438064786924
22196,DegreeBranch,75.37888902406553
24379,MartialStatus,69.38084976320681
21184,DegreeBranch,82.79477042462736
20632,MartialStatus,69.7266177626927
15166,LatestDegreeCGPA,74.57021250578104
20686,CurrentCompanyType,80.362010548712
16530,LatestDegreeCGPA,78.53333790249128
13227,DegreeBranch,85.50225933147755
13649,MartialStatus,60.42666848625882
2233,MartialStatus,67.95427757390529
16100,DegreeBranch,76.48364363768488
2236,DegreeBranch,75.97058342980363
21657,LatestDegreeCGPA,76.73530775351193
16992,CurrentCompanyType,87.24449607073313
12752,DegreeBranch,74.88860537151541
16034,CurrentCompanyType,79.05416452391486
14640,MartialStatus,67.94079952762736
19315,MartialStatus,69.47135034784687
14835,MartialStatus,71.72594501917516
17164,DegreeBranch,77.99680872403545
8821,MartialStatus,67.07000598430123
8100,CurrentCompanyType,93.71753718256838
21353,CurrentCompanyType,94.02321420411559
19310,CurrentCompanyType,90.52150379287686
23984,DegreeBranch,81.69302560748002
5145,DegreeBranch,79.98032886505314
18781,MartialStatus,63.04734588213288
5154,DegreeBranch,79.51140181536326
17658,CurrentCompanyType,72.9651339322875
2151,MartialStatus,71.55684282788454
19685,LatestDegreeCGPA,79.12663536789202
13992,DegreeBranch,75.08002933033922
11231,NA,67.15703142146101
22262,CurrentCompanyType,82.78604178000765
18790,MartialStatus,62.00419581208137
12285,CurrentCompanyType,78.22227252996998
6584,DegreeBranch,75.51420558768362
22391,MartialStatus,66.5878660438459
11309,MartialStatus,69.49306379400805
18602,MartialStatus,61.925632531163664
20449,EmpScore,75.41925685801787
18402,MartialStatus,71.47770733681236
17302,LatestDegreeCGPA,79.49030255832211
22628,CurrentCompanyType,89.46109843976534
6435,DegreeBranch,75.48786806380959
3293,EmpScore,79.33816052079169
10515,LatestDegreeCGPA,76.64281523216135
2289,MartialStatus,56.55844037432499
9846,MartialStatus,66.58876991291717
14182,CurrentCompanyType,87.02614782713516
5563,EmpScore,75.52122061808844
12324,CurrentCompanyType,78.17334816737163
12370,DegreeBranch,86.25037114144656
12593,CurrentCompanyType,80.37816592968713
23192,MartialStatus,71.03653609147398
19616,DegreeBranch,81.82758808803749
6354,MartialStatus,74.17793635642111
7231,CurrentCompanyType,85.66717494300676
11787,NA,66.67266432393222
14580,LatestDegreeCGPA,88.38521218496213
13498,LatestDegreeCGPA,74.29572898429632
8815,MartialStatus,63.00953500993796
6389,DegreeBranch,78.02988211476534
4573,DegreeBranch,86.58231768705372
23076,DegreeBranch,75.78725173841737
17603,LatestDegreeCGPA,89.68447794875543
20009,MartialStatus,73.04681708202693
9012,LatestDegreeCGPA,66.73121653666529
10729,CurrentCompanyType,72.5458219745811
12390,MartialStatus,67.40375314691117
23235,LatestDegreeCGPA,77.57338026928682
19920,LatestDegreeCGPA,76.89524815064341
15263,CurrentCompanyType,81.41433679549151
18719,CurrentCompanyType,83.84995045635246
12540,MartialStatus,63.854131731054224
17194,DegreeBranch,80.87958741170002
10568,CurrentCompanyType,85.26843593679604
14109,CurrentCompanyType,80.38601601969715
2439,MartialStatus,71.03883981831193
19838,DegreeBranch,74.42537102765297
24179,LatestDegreeCGPA,74.07260327522853
3350,MartialStatus,61.17132946531062
12420,CurrentCompanyType,89.95328558010074
14651,LatestDegreeCGPA,74.89094173352771
3923,LatestDegreeCGPA,75.36630729342706
11345,MartialStatus,66.72948711028869
12375,LatestDegreeCGPA,77.81733065169001
15915,MartialStatus,67.41655582678443
5219,CurrentCompanyType,88.48878441308727
10723,DegreeBranch,81.16740506469783
8514,CurrentCompanyType,89.12540916429919
14472,LatestDegreeCGPA,81.42212436793831
11267,LatestDegreeCGPA,86.28220875232722
20122,MartialStatus,65.26761124073435
5590,DegreeBranch,76.61441573363801
23955,LatestDegreeCGPA,86.26299906848006
20018,CurrentCompanyType,89.88134386879165
18324,CurrentCompanyType,91.19617489780074
4864,CurrentCompanyType,88.85752284849849
2285,CurrentCompanyType,73.79383859794393
6543,LatestDegreeCGPA,79.7698812054195
10824,MartialStatus,73.10990608963137
12242,MartialStatus,59.13877171341946
11435,LatestDegreeCGPA,69.65825283642477
12158,DegreeBranch,78.45774965516871
22367,CurrentCompanyType,86.41078818449779
9819,LatestDegreeCGPA,75.7159951718948
8862,CurrentCompanyType,90.26521241617806
11639,LatestDegreeCGPA,75.3932816035041
6155,MartialStatus,69.20185606485866
9336,MartialStatus,68.81326284473374
18185,CurrentCompanyType,76.59969274834094
10400,DegreeBranch,81.57435647290042
6113,MartialStatus,73.74764038851339
11971,MartialStatus,66.13822495140528
15894,CurrentCompanyType,84.64281648022629
6824,DegreeBranch,87.06222932260883
18284,LatestDegreeCGPA,69.74172131066186
14237,DegreeBranch,80.64765054939608
18894,MartialStatus,70.64957656914575
17849,MartialStatus,63.377521790617955
11149,MartialStatus,70.48130820281753
6551,DegreeBranch,76.80125788054846
5967,CurrentCompanyType,78.66617337844714
13813,DegreeBranch,86.44593463529604
9970,MartialStatus,69.25188637650147
4760,DegreeBranch,71.32793332454735
9629,LatestDegreeCGPA,77.03616960682635
19186,LatestDegreeCGPA,72.95254378380999
2309,NA,73.141581154858
14595,MartialStatus,68.8546904379607
23533,CurrentCompanyType,73.8160007231591
22697,CurrentCompanyType,88.70891195497725
20713,CurrentCompanyType,81.34993233677105
10902,DegreeBranch,78.5109865240926
22201,DegreeBranch,73.30294585427603
11817,CurrentCompanyType,86.40866223351507
10832,CurrentCompanyType,84.75245710399837
3772,CurrentCompanyType,86.56722141861327
4234,MartialStatus,65.20018390040723
4952,DegreeBranch,78.32645163352062
17214,DegreeBranch,75.44110253474415
20092,CurrentCompanyType,86.39982549911517
2189,MartialStatus,75.37982815666567
21946,LatestDegreeCGPA,83.29560295628018
8273,LatestDegreeCGPA,78.17226549952538
17620,DegreeBranch,84.90981718100703
2683,CurrentCompanyType,78.68178798480483
23694,LatestDegreeCGPA,83.39323052198432
19210,DegreeBranch,80.23169993408415
4318,LatestDegreeCGPA,91.84552249390414
20128,DegreeBranch,83.96176172438638
17241,MartialStatus,69.87822884962404
8157,CurrentCompanyType,89.45336716971173
5915,CurrentCompanyType,83.00108026764788
22024,LatestDegreeCGPA,78.13986943319364
18656,CurrentCompanyType,87.58606696208173
21705,CurrentCompanyType,89.1953568443665
7927,LatestDegreeCGPA,72.48294907016577
5952,MartialStatus,68.88977397332702
15441,DegreeBranch,64.3588291417133
7768,CurrentCompanyType,75.65560192015278
17671,MartialStatus,68.60123303116345
6561,MartialStatus,65.93899270195566
4895,MartialStatus,67.73791182848612
7078,DegreeBranch,80.88430857123564
7262,EmpScore,77.03735378065353
5835,LatestDegreeCGPA,88.02049038369574
12954,LatestDegreeCGPA,69.27145282517726
19716,EmpScore,78.22324614151624
22353,LatestDegreeCGPA,92.37532183416425
7354,LatestDegreeCGPA,80.22833763064823
2474,CurrentCompanyType,74.11679295318498
6050,CurrentCompanyType,87.70419922923179
16516,DegreeBranch,82.03189362383817
21129,LatestDegreeCGPA,77.0772076419733
3664,MartialStatus,71.08160795203992
8997,LatestDegreeCGPA,68.51992963003708
13691,CurrentCompanyType,76.87514047484154
18200,EmpScore,72.45313177700467
9681,LatestDegreeCGPA,68.87398286863288
14197,EmpScore,79.25930970116978
20575,MartialStatus,69.30141793132142
3513,DegreeBranch,85.08832079977316
9334,MartialStatus,72.96868622674253
15293,CurrentCompanyType,83.91091528242639
18189,EmpScore,77.92263422509906
18256,DegreeBranch,81.70814686111771
24154,DegreeBranch,78.41559007084876
14245,DegreeBranch,83.06499299283277
20367,EmpScore,77.1109614190824
23466,DegreeBranch,75.4173611593719
3116,LatestDegreeCGPA,79.5211357692575
17568,CurrentCompanyType,83.1377489936283
22730,DegreeBranch,77.38238275589282
15637,MartialStatus,63.016996591594506
4819,DegreeBranch,78.76961845900273
14531,MartialStatus,68.13461863265033
17920,DegreeBranch,77.51964663130039
13373,CurrentCompanyType,74.27398103783862
20024,EmpScore,81.76765713399452
12741,LatestDegreeCGPA,70.9891025141673
14286,DegreeBranch,81.91184986029961
13446,CurrentCompanyType,89.21382988105876
19905,MartialStatus,68.30217476383707
4813,MartialStatus,66.83001400408067
7334,CurrentCompanyType,92.74601919867258
10608,CurrentCompanyType,74.25430495664325
8798,MartialStatus,68.87274689900927
11837,LatestDegreeCGPA,86.67591789254095
20075,MartialStatus,69.37137173338012
15851,LatestDegreeCGPA,79.9218830175717
4317,DegreeBranch,81.50287356945171
2234,MartialStatus,61.513323262502674
2027,LatestDegreeCGPA,67.54355393497362
2371,MartialStatus,71.54745195897058
4403,CurrentCompanyType,88.16114825474492
12890,MartialStatus,70.83859612825822
14160,CurrentCompanyType,88.67012690961703
2947,MartialStatus,70.3922418177592
23971,CurrentCompanyType,88.25615512527816
2677,EmpScore,80.5779899542021
2047,MartialStatus,70.17454560678831
2917,DegreeBranch,77.92969771729135
5627,LatestDegreeCGPA,85.1172865141381
14167,LatestDegreeCGPA,73.35289756848987
21346,DegreeBranch,73.64004544277844
21351,CurrentCompanyType,88.7473220787485
24076,DegreeBranch,78.80156149013783
12327,DegreeBranch,71.62763068206621
3845,DegreeBranch,80.36986967388756
2495,DegreeBranch,86.15175172988955
4060,MartialStatus,66.6904086233229
10323,MartialStatus,69.1207719389377
24319,DegreeBranch,77.58000427080285
12831,LatestDegreeCGPA,71.57255385260241
4714,MartialStatus,65.70784972234998
11578,CurrentCompanyType,73.33706821145832
10585,DegreeBranch,76.67640935364699
7053,MartialStatus,68.77263367547442
7127,MartialStatus,70.60963956700085
7849,LatestDegreeCGPA,71.21320070515995
5012,EmpScore,75.43410714841863
6255,MartialStatus,62.16049029292025
8093,DegreeBranch,75.55016022429665
12883,CurrentCompanyType,79.12291653903004
2973,DegreeBranch,79.05374155064838
4863,MartialStatus,64.69325624129851
15068,MartialStatus,64.39644951067545
19333,CurrentCompanyType,79.74458104280308
12959,NA,71.77613452186614
8013,LatestDegreeCGPA,75.09428228402867
3090,CurrentCompanyType,73.32767478752106
24196,LatestDegreeCGPA,88.1050795515217
11844,DegreeBranch,76.3291965548
24121,DegreeBranch,77.66275076251803
12264,MartialStatus,61.97598117531659
22768,DegreeBranch,76.02917174848629
15229,NA,73.68800877124204
2855,MartialStatus,62.78419743559656
6774,CurrentCompanyType,84.7951060206141
14316,MartialStatus,65.73417442124463
20320,CurrentCompanyType,74.09056037929074
13339,NA,72.24550263615518
22356,DegreeBranch,80.94806190977555
9162,MartialStatus,60.20881486917187
14101,LatestDegreeCGPA,77.7446045736185
22792,LatestDegreeCGPA,89.87797495393686
3037,CurrentCompanyType,75.3961598022063
7600,EmpScore,79.14792738225492
6250,DegreeBranch,79.12435818985283
15375,DegreeBranch,75.6666409259764
13244,LatestDegreeCGPA,71.47351934616104
10830,EmpScore,74.57494722686674
12263,MartialStatus,69.12773488784707
10448,LatestDegreeCGPA,73.57007344500101
9195,MartialStatus,70.6524448174465
22389,CurrentCompanyType,71.92575600552156
19529,MartialStatus,72.39047904720587
10175,CurrentCompanyType,83.05263304897206
21677,DegreeBranch,77.77463288975419
23240,LatestDegreeCGPA,73.79241587655726
11794,CurrentCompanyType,76.2413611003467
14825,CurrentCompanyType,86.57415150929444
23041,MartialStatus,65.5711417199111
18457,MartialStatus,56.98287038752254
16536,CurrentCompanyType,86.96388476643342
12728,EmpScore,79.17154222748516
11623,MartialStatus,67.85261985498728
6013,EmpScore,77.02106757473804
19886,MartialStatus,68.3644402439404
3326,DegreeBranch,76.5585287046688
22193,DegreeBranch,81.67316227471869
3940,CurrentCompanyType,76.60794847494803
20846,MartialStatus,58.04223740183668
5757,CurrentCompanyType,88.57137952843738
8725,CurrentCompanyType,82.08631609070953
21001,MartialStatus,65.23168702818958
3543,MartialStatus,68.59237770533699
20994,CurrentCompanyType,73.05411230920518
9961,LatestDegreeCGPA,84.09435028681905
9015,MartialStatus,57.58455164018704
19888,DegreeBranch,81.23496531658012
11297,LatestDegreeCGPA,82.34540333562792
18722,DegreeBranch,83.98016038248109
17786,LatestDegreeCGPA,80.01070358646572
9543,CurrentCompanyType,81.04313036786886
12085,MartialStatus,67.20809876584289
15556,MartialStatus,71.95729821611638
9014,MartialStatus,60.04917427472108
10284,LatestDegreeCGPA,78.75040339710222
12598,DegreeBranch,76.11691674671269
10698,DegreeBranch,83.09765794220269
21223,DegreeBranch,79.3911681114099
9310,DegreeBranch,72.99670520023275
9230,MartialStatus,74.88003376378043
13338,CurrentCompanyType,78.64465445985604
16149,MartialStatus,68.84220367986151
16813,CurrentCompanyType,91.27534032237574
3038,CurrentCompanyType,83.61431275162451
3158,CurrentCompanyType,84.64401206286857
22849,LatestDegreeCGPA,76.41401641538127
16732,LatestDegreeCGPA,66.22094426804932
19579,DegreeBranch,79.0020806301535
18917,MartialStatus,66.07483525093747
22229,MartialStatus,67.22833554373742
19116,DegreeBranch,76.07041971831771
14984,MartialStatus,68.05887342259298
21140,MartialStatus,62.28889325114764
3305,MartialStatus,70.19530431280188
12994,CurrentCompanyType,93.05616848669918
6125,EmpScore,67.33877015909644
18637,DegreeBranch,70.39799121883165
22541,DegreeBranch,76.69684593346622
17912,DegreeBranch,71.88830699852463
11803,CurrentCompanyType,80.14885873681021
16355,DegreeBranch,79.8863198140906
4235,MartialStatus,64.890369834476
18004,MartialStatus,71.2616231925634
20056,EmpScore,81.82454168504728
2023,MartialStatus,70.68012073729341
21734,DegreeBranch,77.64902939076244
9885,DegreeBranch,83.9406113995569
10483,LatestDegreeCGPA,76.67700754579222
16641,MartialStatus,65.87218333732896
21780,DegreeBranch,73.55330724402256
6136,DegreeBranch,78.42131485465183
12401,MartialStatus,57.38007269695461
17014,CurrentCompanyType,73.50009872616151
24087,MartialStatus,66.40192017339649
10133,DegreeBranch,81.86081700686748
6723,LatestDegreeCGPA,84.90916432107055
8045,CurrentCompanyType,72.33935198183684
16542,LatestDegreeCGPA,78.54280806665373
23321,NA,70.22065348984565
13825,MartialStatus,68.7875834792511
15923,CurrentCompanyType,79.78015307281945
21526,MartialStatus,69.33905300562948
11523,CurrentCompanyType,77.29740361897859
6381,MartialStatus,72.82353065908627
9673,LatestDegreeCGPA,70.78621019402476
18626,CurrentCompanyType,80.46139096550478
18653,DegreeBranch,79.20726046794313
23682,CurrentCompanyType,88.43056990948925
13630,LatestDegreeCGPA,76.66723288193623
17039,CurrentCompanyType,76.56420453316986
22274,DegreeBranch,77.6894920532983
2306,DegreeBranch,79.87471895406703
6653,DegreeBranch,81.15197489614187
19120,DegreeBranch,80.76841027930018
19554,DegreeBranch,80.00708216105944
14270,CurrentCompanyType,87.17085855324802
18560,DegreeBranch,86.38862432138966
17438,EmpScore,68.94889281608772
21362,MartialStatus,63.503747897049514
2129,MartialStatus,73.13330524021634
17348,DegreeBranch,80.84815817025029
4218,MartialStatus,63.62436001550519
2849,DegreeBranch,75.10973861597934
21933,DegreeBranch,77.06142391026715
15580,MartialStatus,69.30612403835627
20529,MartialStatus,72.90087984909435
17691,LatestDegreeCGPA,75.48723897962162
3981,MartialStatus,71.83825444893726
14265,MartialStatus,67.78913425634451
3358,DegreeBranch,80.08427363920126
2800,DegreeBranch,81.4006312709407
7450,EmpScore,69.12481938306732
18452,CurrentCompanyType,75.87984177465464
18591,MartialStatus,66.53661392038188
2799,NA,73.86902349037878
15693,LatestDegreeCGPA,72.40783436326032
22366,CurrentCompanyType,76.51620451588495
11266,MartialStatus,71.21170793688474
4701,CurrentCompanyType,77.56790183311644
4465,CurrentCompanyType,84.09066089933003
11969,CurrentCompanyType,84.46455069919236
21882,CurrentCompanyType,79.59893230509107
21054,MartialStatus,65.55102212390523
4460,CurrentCompanyType,94.64010253516331
7407,LatestDegreeCGPA,82.07242530661583
8030,MartialStatus,70.4720961496183
11046,CurrentCompanyType,88.62248741042856
19729,CurrentCompanyType,74.70036492471901
5636,EmpScore,77.8158027354473
6671,MartialStatus,70.6234164925526
16202,MartialStatus,64.64987561455516
7043,CurrentCompanyType,84.40743035538424
10942,DegreeBranch,81.00071706495066
14287,LatestDegreeCGPA,78.99560768539794
15798,CurrentCompanyType,79.96076656882953
20043,LatestDegreeCGPA,71.49692895144221
23193,MartialStatus,71.33049514486976
20853,MartialStatus,63.68140957178012
8822,CurrentCompanyType,89.45079847375504
16889,EmpScore,77.91994973443009
20928,DegreeBranch,76.57526066847156
20402,CurrentCompanyType,74.97616708844627
14144,LatestDegreeCGPA,66.22686058597742
3688,DegreeBranch,81.20582223386664
23797,CurrentCompanyType,87.71314784364336
16515,MartialStatus,68.57043302617282
8662,MartialStatus,60.649924900913206
16388,DegreeBranch,78.09527883092885
18546,LatestDegreeCGPA,80.33836632076968
11979,MartialStatus,71.96053971530267
4834,MartialStatus,63.17331470774809
17427,MartialStatus,65.24164272936173
22803,LatestDegreeCGPA,79.64655377991883
17952,DegreeBranch,80.99195063142366
17885,MartialStatus,68.93506786816873
10017,MartialStatus,63.570527436022466
3278,MartialStatus,64.04269167288936
20904,CurrentCompanyType,88.5961479213772
12711,LatestDegreeCGPA,68.39993080947387
10686,MartialStatus,65.61474920074006
12917,DegreeBranch,80.44995972054367
4741,DegreeBranch,80.2434954308492
13839,CurrentCompanyType,82.3060882551843
21465,MartialStatus,66.51251384381327
4590,MartialStatus,61.242785695523665
22724,MartialStatus,60.953740697942735
8854,MartialStatus,64.77229122359097
9435,DegreeBranch,75.68611828591078
19503,MartialStatus,60.82785792026524
3230,DegreeBranch,74.43058146680623
8877,MartialStatus,69.11575015064125
4246,LatestDegreeCGPA,77.36520641609138
16897,EmpScore,72.88787537814045
7773,CurrentCompanyType,75.22647313755404
14075,DegreeBranch,72.64255297045476
4359,LatestDegreeCGPA,68.76858849953018
21289,DegreeBranch,80.11764625423336
18186,MartialStatus,64.98558936379656
3991,MartialStatus,67.45473829073016
22537,LatestDegreeCGPA,74.08975403971782
2124,LatestDegreeCGPA,73.03016946452672
18692,LatestDegreeCGPA,65.27124095447974
16570,MartialStatus,66.65582238421878
18239,DegreeBranch,78.62712894846005
6771,CurrentCompanyType,78.45855192031742
23673,DegreeBranch,79.57721033917056
10742,CurrentCompanyType,85.15158331229435
21753,MartialStatus,69.17406962283286
19431,CurrentCompanyType,90.07593416097691
4224,CurrentCompanyType,93.60869440809745
12983,CurrentCompanyType,82.79750458565431
5454,MartialStatus,74.29098753138646
8722,DegreeBranch,83.98051856907959
12803,DegreeBranch,81.44597322837551
12536,CurrentCompanyType,92.36732639698226
16422,CurrentCompanyType,81.80490750989512
15645,CurrentCompanyType,71.93164485515551
3013,MartialStatus,64.29977366157902
11044,MartialStatus,65.07152099569208
9410,CurrentCompanyType,77.83648403132617
9813,LatestDegreeCGPA,89.18853121615376
10165,LatestDegreeCGPA,81.39737742359085
7505,LatestDegreeCGPA,75.40872009069925
17149,MartialStatus,73.64873834537923
15413,LatestDegreeCGPA,87.57937969625556
23114,DegreeBranch,74.9922615121769
14176,NA,70.5291220435744
21823,NA,69.74197059187287
10343,DegreeBranch,84.47054710705225
5560,LatestDegreeCGPA,72.29195095140122
6270,DegreeBranch,80.68265903397003
7671,CurrentCompanyType,89.07128816511258
7005,DegreeBranch,83.39432370896425
19009,MartialStatus,63.37271047387472
3626,DegreeBranch,79.78132368520643
17003,DegreeBranch,78.23887964196524
2057,DegreeBranch,79.12888250147476
13919,CurrentCompanyType,75.95118595690717
24077,LatestDegreeCGPA,79.84708910830486
9766,LatestDegreeCGPA,88.0042676230846
15453,DegreeBranch,82.07557659344937
23010,CurrentCompanyType,91.73091628542268
14090,LatestDegreeCGPA,82.8260592149049
4809,DegreeBranch,79.87181440827518
13269,MartialStatus,65.89813414429392
4752,MartialStatus,62.06177913909422
20417,MartialStatus,60.23849872767953
13672,MartialStatus,64.32789324858823
23805,CurrentCompanyType,75.82647671466293
18173,MartialStatus,63.01371377758159
22094,CurrentCompanyType,72.37796911290741
22250,MartialStatus,66.66696600580134
16288,CurrentCompanyType,86.98578816764558
19045,DegreeBranch,76.2516084865064
16522,DegreeBranch,78.95795258799802
4116,EmpScore,71.52076296269095
6539,LatestDegreeCGPA,79.43034695743927
3379,CurrentCompanyType,73.90295917838878
5059,LatestDegreeCGPA,82.23693959340473
8860,NA,70.18593196485205
21208,LatestDegreeCGPA,76.54818181033181
8853,NA,64.75031325038282
3810,MartialStatus,60.87801751111691
14288,EmpScore,80.36534553423175
16412,MartialStatus,69.99379631590911
12951,MartialStatus,67.98034046842996
10350,DegreeBranch,79.01628389923145
12901,CurrentCompanyType,81.35787936407947
5620,MartialStatus,63.53608522788581
4915,MartialStatus,59.22035198280912
12290,DegreeBranch,84.10225273629837
2302,NA,72.61910247778295
18065,LatestDegreeCGPA,77.25333098284094
11855,DegreeBranch,81.39980909082297
3827,DegreeBranch,87.93281717669566
6306,DegreeBranch,75.28852668201144
23576,MartialStatus,68.29280522238561
12006,DegreeBranch,77.86668161139457
10847,MartialStatus,74.22407097306849
8140,CurrentCompanyType,90.3603460166924
13901,CurrentCompanyType,87.78259876173576
5783,MartialStatus,75.94779709453583
21014,CurrentCompanyType,87.64594320424416
22644,CurrentCompanyType,77.47454023880105
5984,MartialStatus,70.10896332972158
23877,MartialStatus,67.95907038004351
2840,LatestDegreeCGPA,71.2506154911481
10192,DegreeBranch,80.94785019338251
23914,DegreeBranch,80.1756343437934
22524,CurrentCompanyType,79.99961771770397
2771,EmpScore,77.64563293307222
17692,MartialStatus,71.11109948882836
10650,CurrentCompanyType,78.93167661765796
9755,DegreeBranch,79.26047431201403
13389,DegreeBranch,83.32602655763958
22119,MartialStatus,68.08865241739133
7542,DegreeBranch,81.49423430968805
10044,MartialStatus,67.54687250804798
6855,DegreeBranch,76.6636197847966
23779,CurrentCompanyType,76.79208472601798
13008,CurrentCompanyType,72.56984603091078
21120,CurrentCompanyType,85.32937592342785
11242,MartialStatus,72.14943907245487
13650,NA,72.9398913227848
8267,MartialStatus,68.75800414196374
21477,MartialStatus,73.37165338954462
16264,NA,70.04407049619948
19594,DegreeBranch,80.07222160305209
22269,LatestDegreeCGPA,81.72410123998027
13198,CurrentCompanyType,88.62249638819759
24168,CurrentCompanyType,71.8266156315222
20014,MartialStatus,66.02716693320545
15728,DegreeBranch,79.36382798561304
14544,LatestDegreeCGPA,86.49785785910987
22947,CurrentCompanyType,90.08007826234206
19954,DegreeBranch,85.62417535951218
2152,DegreeBranch,76.95364112079915
21219,CurrentCompanyType,87.33020862582752
8971,CurrentCompanyType,79.62495912906326
20877,MartialStatus,65.0189390070317
8269,CurrentCompanyType,77.70935142908384
15270,MartialStatus,76.697722916495
23418,DegreeBranch,75.38586660629281
5493,CurrentCompanyType,77.50962267223419
21338,CurrentCompanyType,86.87683824993852
5445,MartialStatus,73.7798524399561
5459,CurrentCompanyType,91.26788756748978
20868,CurrentCompanyType,76.93922358061963
8867,MartialStatus,71.96403314633463
16546,MartialStatus,65.24481296481781
15083,CurrentCompanyType,82.38301619634086
12805,DegreeBranch,72.41118723320062
5617,LatestDegreeCGPA,88.80807550254886
16201,MartialStatus,69.92374903642707
13821,NA,71.40193423476109
16102,DegreeBranch,76.93369527962409
8084,CurrentCompanyType,87.37409781543722
18524,MartialStatus,67.65113774907992
15480,DegreeBranch,80.44796524886749
15180,LatestDegreeCGPA,77.90902815070872
17962,EmpScore,78.82105583523217
18642,MartialStatus,70.78195939489201
4781,MartialStatus,72.52578537063673
22319,MartialStatus,73.85582590190656
23603,CurrentCompanyType,83.74445822329662
18750,DegreeBranch,83.63678405989737
8473,MartialStatus,64.72521086700232
22695,DegreeBranch,75.22674633900317
19831,DegreeBranch,74.53551301021122
6237,DegreeBranch,77.77559012604002
18730,DegreeBranch,82.97823762729395
22181,MartialStatus,62.87563585896548
21731,DegreeBranch,81.38706507917456
8060,CurrentCompanyType,75.71405094475475
19420,CurrentCompanyType,79.33676977322878
17824,MartialStatus,71.72569343945587
7161,MartialStatus,72.26441294579037
7844,EmpScore,71.37694877119658
21645,DegreeBranch,78.29261776909655
20063,CurrentCompanyType,79.29695197518049
23402,MartialStatus,68.0237092732774
5700,CurrentCompanyType,82.55414584055268
19467,DegreeBranch,84.0154927991235
18261,DegreeBranch,74.17319466759012
19472,DegreeBranch,74.64186237364919
8964,NA,69.83475768971587
23851,CurrentCompanyType,91.96453842120594
20502,LatestDegreeCGPA,66.0430377406025
9710,MartialStatus,72.61913586376627
22375,MartialStatus,63.36150482691134
5593,MartialStatus,65.0365388845976
7525,EmpScore,75.5222893698743
12353,MartialStatus,64.77610247807102
13150,EmpScore,78.43834933680218
7446,LatestDegreeCGPA,78.64403465926647
16239,MartialStatus,65.35328139730446
3429,MartialStatus,63.48301513704503
22252,DegreeBranch,72.56904782309735
5529,CurrentCompanyType,83.87848392557547
8650,DegreeBranch,69.34974772440249
10382,MartialStatus,63.97793888668907
16109,MartialStatus,63.30398403304892
22239,DegreeBranch,82.79633739614326
13918,LatestDegreeCGPA,83.2006065435295
7346,MartialStatus,72.38883911274061
22164,MartialStatus,58.00700738223971
10995,LatestDegreeCGPA,87.68113961795481
20331,MartialStatus,61.24284625567623
17053,LatestDegreeCGPA,88.74646780795443
3468,LatestDegreeCGPA,79.42717718793676
4307,LatestDegreeCGPA,74.82334366720815
16145,CurrentCompanyType,85.17433400094428
15039,MartialStatus,64.89788175150645
11679,CurrentCompanyType,75.50548177177338
21688,CurrentCompanyType,79.65644312332323
19479,CurrentCompanyType,85.40464124821082
11847,MartialStatus,69.70261239182314
9676,NA,70.18452146327799
2322,DegreeBranch,83.91718550074579
23970,CurrentCompanyType,79.58208485746871
4324,CurrentCompanyType,79.35876142084987
17061,DegreeBranch,82.80079615488181
19929,LatestDegreeCGPA,68.01064088831465
23855,EmpScore,76.41378617036199
11899,MartialStatus,69.52284222453912
12012,CurrentCompanyType,75.00656889518605
8710,MartialStatus,63.31485879370488
11626,MartialStatus,62.333173294094266
17583,CurrentCompanyType,88.55978029873926
7620,MartialStatus,70.20013563379709
15853,DegreeBranch,77.89939278987553
23092,DegreeBranch,77.73951731070068
6768,DegreeBranch,81.41222977104158
13185,CurrentCompanyType,90.4855405484573
14150,MartialStatus,64.56934773997538
11321,DegreeBranch,75.1180508832341
15837,NA,72.88945154797904
18501,DegreeBranch,82.6381113995875
2075,DegreeBranch,77.04389029513146
21211,NA,69.14883836897629
5868,EmpScore,80.55092842080929
16497,MartialStatus,70.46406626133188
10271,DegreeBranch,81.08301532066501
7689,DegreeBranch,77.31589550556275
23810,LatestDegreeCGPA,76.94652331993487
23839,MartialStatus,67.15539489770593
9047,DegreeBranch,80.42035640219751
22868,DegreeBranch,77.81988887443805
9901,MartialStatus,73.49271697151924
2718,DegreeBranch,81.50921765835298
11625,MartialStatus,72.3757733990757
19970,DegreeBranch,82.83010000191823
9436,DegreeBranch,75.30423750217285
18580,DegreeBranch,78.31384383156544
18455,CurrentCompanyType,90.15533362857573
18529,EmpScore,80.62758372895952
3243,LatestDegreeCGPA,79.2201461295476
11507,DegreeBranch,81.63133593340308
12893,LatestDegreeCGPA,88.42661422545892
16632,MartialStatus,66.88635224148975
16977,CurrentCompanyType,78.53350903257574
5350,DegreeBranch,76.24606704465722
12057,CurrentCompanyType,78.9508729949265
3622,MartialStatus,57.200866762642086
7645,MartialStatus,64.71255030231464
20356,LatestDegreeCGPA,88.76772225902798
5630,DegreeBranch,78.1324604647306
8773,DegreeBranch,69.81902863004736
13875,LatestDegreeCGPA,70.1630928039487
19950,MartialStatus,59.97033823398255
6366,DegreeBranch,72.50400222349309
20469,MartialStatus,66.44604796171517
15675,LatestDegreeCGPA,82.25042064433734
15242,MartialStatus,67.83382235158513
5748,CurrentCompanyType,90.73847496886852
9402,MartialStatus,65.07323982106064
10272,DegreeBranch,76.54575570444882
11346,MartialStatus,64.68130673169526
19240,DegreeBranch,86.98636932412279
14018,MartialStatus,62.52522020218831
13747,CurrentCompanyType,89.40112394872943
16274,MartialStatus,68.01807062731497
21372,CurrentCompanyType,76.7852153453304
13794,DegreeBranch,75.35350989152798
7048,CurrentCompanyType,76.51653123849162
22654,MartialStatus,69.42821057772478
7474,CurrentCompanyType,91.86095963964685
7499,EmpScore,67.4705756714111
11565,MartialStatus,65.42102582973996
9516,MartialStatus,69.66490822862849
13494,CurrentCompanyType,89.02071100936438
17062,LatestDegreeCGPA,75.59359965597898
8274,MartialStatus,65.90075466314613
23159,DegreeBranch,81.73497947698343
10027,LatestDegreeCGPA,84.38597412815531
18698,MartialStatus,72.2724485425655
7092,DegreeBranch,77.95321289148123
2195,DegreeBranch,82.54038299597453
23116,NA,73.82702629429063
17713,DegreeBranch,79.4101887847544
10137,CurrentCompanyType,87.12054651185585
13010,CurrentCompanyType,90.24111258403896
5036,CurrentCompanyType,89.3319639943551
7173,DegreeBranch,80.06287349050041
17748,DegreeBranch,82.00305309637798
10218,MartialStatus,72.93741039506065
23584,NA,75.72467988346686
4580,LatestDegreeCGPA,73.60374690816096
10840,LatestDegreeCGPA,72.61463551229774
16613,DegreeBranch,74.90276170386149
8686,MartialStatus,63.749600646308934
16347,MartialStatus,61.6528309223165
17001,LatestDegreeCGPA,69.3709777594051
16046,DegreeBranch,77.71527283446288
8194,CurrentCompanyType,74.99208323441346
13100,DegreeBranch,79.03508577577183
13596,DegreeBranch,75.65254824630719
13239,MartialStatus,60.89826805242231
17451,EmpScore,72.07747871384976
9859,MartialStatus,72.0040007510519
16136,CurrentCompanyType,91.08224532430846
15877,CurrentCompanyType,80.84396452860045
16520,LatestDegreeCGPA,80.38115129263879
24257,DegreeBranch,71.4304327235043
8147,CurrentCompanyType,79.54572594955624
3865,EmpScore,78.71979654882385
7239,MartialStatus,68.0562016219893
19099,CurrentCompanyType,79.99014738325388
9818,DegreeBranch,81.46092210884426
17434,CurrentCompanyType,83.31883337472574
19056,LatestDegreeCGPA,76.97819335749278
9427,LatestDegreeCGPA,69.75076725039253
5249,DegreeBranch,76.31937555471703
7837,DegreeBranch,81.01638474838757
23421,MartialStatus,61.92921647671042
5049,CurrentCompanyType,77.78396644360829
21392,LatestDegreeCGPA,71.75402279514523
3366,DegreeBranch,77.14251737800953
7363,MartialStatus,67.42075852920185
10998,MartialStatus,61.63880965095376
18805,DegreeBranch,81.44219015738389
3568,NA,71.98585842697055
13404,CurrentCompanyType,77.59942947654437
2388,LatestDegreeCGPA,74.8417218988073
20585,MartialStatus,62.25247341445326
10288,CurrentCompanyType,88.13574099669856
11146,MartialStatus,67.1854879827212
7755,MartialStatus,71.41488686534294
15236,DegreeBranch,74.17839701745062
3222,MartialStatus,61.74817022437535
11561,MartialStatus,67.91135396831424
3307,CurrentCompanyType,75.88009671468329
12439,MartialStatus,72.1877071810115
10012,DegreeBranch,76.72693642367422
19765,CurrentCompanyType,74.56764661743077
18379,NA,70.27540347688736
11259,CurrentCompanyType,91.49886303224278
24362,EmpScore,70.34437695942945
9486,DegreeBranch,82.36698294673425
9239,CurrentCompanyType,88.72618513941735
15026,EmpScore,70.27632243244358
7309,DegreeBranch,77.44189396779402
11248,EmpScore,76.24957835858065
13772,MartialStatus,63.85526631482981
18087,MartialStatus,59.064588638743096
6706,DegreeBranch,75.69108934450387
6466,LatestDegreeCGPA,70.58254258283527
3899,MartialStatus,63.05184327476917
6214,DegreeBranch,70.94892629836465
16314,LatestDegreeCGPA,80.69071056068081
2205,DegreeBranch,82.31233710620629
16828,MartialStatus,64.67015302213916
15272,NA,70.22418289111803
19985,LatestDegreeCGPA,67.39357061970608
2623,MartialStatus,72.83807039073479
17507,CurrentCompanyType,94.00131203684174
5646,LatestDegreeCGPA,76.00072330527813
15730,DegreeBranch,72.89589688562516
5980,DegreeBranch,84.61960193921499
14782,CurrentCompanyType,85.55987820248146
20218,LatestDegreeCGPA,71.28761214115202
22307,MartialStatus,65.18612102090717
23382,LatestDegreeCGPA,85.43698478095222
7588,EmpScore,70.18899171942213
8651,LatestDegreeCGPA,79.25988633442014
9204,MartialStatus,67.14693508705595
22899,DegreeBranch,75.70357671024466
13521,MartialStatus,54.48098864172176
7889,LatestDegreeCGPA,80.23799141428681
6617,MartialStatus,73.32820321839108
23128,CurrentCompanyType,79.59138083327682
5220,DegreeBranch,85.3710099848858
12816,MartialStatus,58.788983031999244
2087,MartialStatus,67.56860828279342
12886,EmpScore,73.01106693862744
19020,DegreeBranch,79.22070870482209
22703,NA,75.28852657865652
21126,LatestDegreeCGPA,71.19479596391277
6643,NA,69.56098520175156
21092,CurrentCompanyType,83.16126310843254
10289,LatestDegreeCGPA,87.94612276786742
5555,DegreeBranch,74.47859912409156
22930,MartialStatus,68.67423299848026
11076,NA,73.09383975189202
16101,MartialStatus,64.88136358507208
12441,LatestDegreeCGPA,76.92369669533107
14596,MartialStatus,63.921758271830726
18935,DegreeBranch,77.23540415133763
15475,DegreeBranch,73.00162467505231
22398,LatestDegreeCGPA,68.8980751103699
4293,LatestDegreeCGPA,81.59963151855166
16870,MartialStatus,73.27327634962728
10702,CurrentCompanyType,86.32830268752839
20286,MartialStatus,62.54993867408857
5456,CurrentCompanyType,75.26025960339383
9378,DegreeBranch,81.84653825496486
18846,MartialStatus,69.91846524033971
13237,CurrentCompanyType,76.85023341689087
5595,CurrentCompanyType,80.53497206121486
24042,EmpScore,73.22830037909941
22885,CurrentCompanyType,86.77555933577062
11019,MartialStatus,62.94337243129556
4024,DegreeBranch,75.17921374494914
2283,DegreeBranch,78.2783539715446
13323,MartialStatus,64.22109909145098
16290,LatestDegreeCGPA,87.65700217627322
19602,DegreeBranch,81.6076141767871
22154,DegreeBranch,79.08997417546428
7575,DegreeBranch,76.0826199972709
7278,EmpScore,78.75103288117143
2346,DegreeBranch,73.46340528050798
17122,LatestDegreeCGPA,60.655516327828984
18382,MartialStatus,71.7864470796483
16129,MartialStatus,64.67930203287598
12357,MartialStatus,61.61875681606931
14214,MartialStatus,64.01991401491577
13095,MartialStatus,70.95356277301254
4832,CurrentCompanyType,77.12566292240068
14308,CurrentCompanyType,78.73649005366258
17772,DegreeBranch,73.83633729379318
18188,LatestDegreeCGPA,74.38451408021749
2857,MartialStatus,58.22065287492272
10956,CurrentCompanyType,76.22316193841151
5070,CurrentCompanyType,91.33757618972649
15848,CurrentCompanyType,90.9606542137811
10715,DegreeBranch,74.9776139010983
16025,DegreeBranch,77.27555477859381
23554,DegreeBranch,79.63511377918746
22534,DegreeBranch,65.09279829051707
23198,MartialStatus,68.33612435553474
10660,DegreeBranch,77.28605542022132
3538,CurrentCompanyType,79.39938686110675
12211,DegreeBranch,81.17947648393749
21491,LatestDegreeCGPA,64.04628933486966
12444,MartialStatus,66.98935704211442
17644,MartialStatus,67.76396210398535
12926,MartialStatus,70.51897429371812
6632,MartialStatus,60.40696409969497
10126,MartialStatus,66.1845778435714
5540,DegreeBranch,81.75387806880664
12384,DegreeBranch,76.5621002464158
5876,MartialStatus,70.56281453844765
20622,CurrentCompanyType,86.04299681656545
22368,CurrentCompanyType,88.26108901800131
13462,DegreeBranch,85.16414496770943
22061,MartialStatus,65.84952820683824
15705,DegreeBranch,69.91072030362139
22097,DegreeBranch,78.20283436555741
12958,DegreeBranch,81.09890459606737
4851,DegreeBranch,75.54188911521194
7883,CurrentCompanyType,79.12071358118496
5756,DegreeBranch,75.19588081511216
17721,DegreeBranch,79.85990975687545
16907,NA,66.40462561893133
19456,CurrentCompanyType,92.21985154212445
22092,DegreeBranch,74.28963759416807
13297,DegreeBranch,73.87727844136018
21212,MartialStatus,64.29621822140719
7873,MartialStatus,69.82354071450179
13873,DegreeBranch,74.43726742124032
8780,DegreeBranch,80.2877374016858
10598,CurrentCompanyType,91.9876321445225
24280,LatestDegreeCGPA,68.56893675027052
6991,MartialStatus,64.84651625868025
2305,NA,68.11996509502282
5158,MartialStatus,66.31615512591
18278,MartialStatus,72.05959905421204
5040,DegreeBranch,81.83070774504802
20907,CurrentCompanyType,74.81076292809422
17492,LatestDegreeCGPA,76.39242485287662
3774,LatestDegreeCGPA,74.80965785047113
12502,MartialStatus,67.97843799850662
8556,MartialStatus,60.266343130592006
5508,MartialStatus,72.30427224461894
15208,NA,65.88494993166042
15141,CurrentCompanyType,81.11312691217597
19509,DegreeBranch,78.15034085896156
22949,DegreeBranch,77.54192990258187
12971,MartialStatus,72.56196827208424
23037,CurrentCompanyType,83.32982452280173
12414,LatestDegreeCGPA,76.41300597787212
9642,CurrentCompanyType,86.1928999014853
8308,DegreeBranch,79.14616930775402
2579,LatestDegreeCGPA,65.60763920697835
11645,EmpScore,68.83135578399444
18867,MartialStatus,74.92168496273376
19957,CurrentCompanyType,75.73928868965758
23881,LatestDegreeCGPA,75.57096854788138
9638,MartialStatus,67.98656493564782
3856,MartialStatus,75.88025864123458
3925,CurrentCompanyType,79.22662531560255
3779,CurrentCompanyType,83.79124957262334
16363,DegreeBranch,79.30840295426341
15163,DegreeBranch,87.08707711418404
22477,MartialStatus,63.34965730257859
16226,CurrentCompanyType,88.28341722176451
2666,DegreeBranch,75.5389314726687
16847,CurrentCompanyType,90.5858277008125
20237,MartialStatus,71.70289187109825
2651,DegreeBranch,84.45793655854763
12344,MartialStatus,69.96659561224926
6383,NA,73.5195062642777
9587,CurrentCompanyType,87.75440425693301
12467,CurrentCompanyType,91.38455068777306
8374,CurrentCompanyType,85.51842955401554
12171,MartialStatus,70.3120717602473
21586,MartialStatus,68.39605380715135
11060,CurrentCompanyType,87.32279296736932
6261,LatestDegreeCGPA,82.12257206813135
16932,DegreeBranch,82.59368691524915
16989,DegreeBranch,76.59072047332246
14658,CurrentCompanyType,87.68256610322106
18694,MartialStatus,71.87115500944427
11880,CurrentCompanyType,86.80388856425728
5170,CurrentCompanyType,87.75753833325757
20400,DegreeBranch,77.3595792531915
4063,EmpScore,74.46606763212476
22643,CurrentCompanyType,85.4240881860895
19610,LatestDegreeCGPA,78.58550107003038
14934,MartialStatus,63.8186273497601
5762,LatestDegreeCGPA,78.74047146731183
15789,CurrentCompanyType,78.22915711927479
18662,MartialStatus,64.67669040966219
23270,CurrentCompanyType,81.37209697030849
5877,MartialStatus,63.842793782289576
23830,DegreeBranch,83.87245280244072
19703,DegreeBranch,79.89175598647373
13181,MartialStatus,64.82777920197046
5950,LatestDegreeCGPA,67.38303543753044
16127,CurrentCompanyType,88.31679145341454
20134,MartialStatus,59.902672311867754
10718,DegreeBranch,81.58416379504703
17517,LatestDegreeCGPA,83.54128569477702
12152,LatestDegreeCGPA,90.86069150978216
4284,MartialStatus,58.03767424297171
7991,MartialStatus,55.90587787752053
4121,CurrentCompanyType,71.2959175672656
8025,MartialStatus,64.46124166868294
15685,LatestDegreeCGPA,77.99842829029382
10689,DegreeBranch,73.09929686427503
11428,MartialStatus,68.26702264163669
20817,DegreeBranch,78.71892264488291
23580,MartialStatus,69.3325159710297
3596,MartialStatus,67.1353164087351
14886,LatestDegreeCGPA,65.6882788615445
16321,LatestDegreeCGPA,74.95458267933938
5502,DegreeBranch,73.49458676171668
9588,LatestDegreeCGPA,73.59615619949447
21475,MartialStatus,68.57742272993836
23457,LatestDegreeCGPA,88.37592287379817
24006,LatestDegreeCGPA,79.74267452610798
17397,MartialStatus,67.5401094122673
4340,DegreeBranch,82.36430770739744
8649,MartialStatus,71.07957809120703
13554,MartialStatus,73.26769750399698
8328,MartialStatus,68.76108231886701
5768,LatestDegreeCGPA,80.28350869262465
20564,DegreeBranch,69.07755166641832
15383,DegreeBranch,75.88299985140144
8575,LatestDegreeCGPA,71.69745779189107
17148,MartialStatus,63.453251575425725
6756,LatestDegreeCGPA,75.66227686125274
2022,MartialStatus,68.32680466755731
4536,CurrentCompanyType,77.84529324346884
12215,CurrentCompanyType,83.06629866905085
9572,CurrentCompanyType,86.1088972344661
6511,LatestDegreeCGPA,67.67215284047317
17688,DegreeBranch,83.02069891778227
10578,MartialStatus,77.15908808470869
3787,DegreeBranch,80.1386589716533
5524,LatestDegreeCGPA,74.1557798546252
18230,DegreeBranch,83.32000581866312
2731,LatestDegreeCGPA,78.61268213061732
4392,CurrentCompanyType,81.44486327582837
4686,MartialStatus,60.04184778880078
19774,CurrentCompanyType,78.26552981236816
16720,CurrentCompanyType,84.03347281831844
23557,CurrentCompanyType,71.98653287697056
21605,MartialStatus,66.87865557101593
6449,NA,66.64129996326976
5101,MartialStatus,61.74207009455786
5062,DegreeBranch,80.50579909488768
21370,CurrentCompanyType,84.46589206437314
18290,DegreeBranch,83.49677974719572
18143,CurrentCompanyType,82.51724092745104
5275,DegreeBranch,79.4932474868798
8521,CurrentCompanyType,86.36678481796096
10811,CurrentCompanyType,74.35395933256211
13597,MartialStatus,73.23966363694903
23781,CurrentCompanyType,93.42077527650551
8479,DegreeBranch,78.86090448107475
4429,EmpScore,76.34644319430087
9510,LatestDegreeCGPA,75.74626754831239
8872,MartialStatus,67.22211797653483
22318,CurrentCompanyType,81.28350081230916
12500,MartialStatus,61.25499649015872
22659,MartialStatus,68.64167402407766
7614,MartialStatus,62.61400525404057
19720,NA,68.0402934010066
7009,LatestDegreeCGPA,85.88395121222683
13466,DegreeBranch,82.4363825224525
19282,MartialStatus,61.49078673582027
14170,MartialStatus,65.16428129808406
4139,CurrentCompanyType,73.07670109316237
15313,CurrentCompanyType,83.18494128372552
13608,MartialStatus,60.9763098347415
9790,LatestDegreeCGPA,74.95132919255754
9252,DegreeBranch,85.77034887112258
14635,MartialStatus,67.69781326935343
17271,DegreeBranch,72.89462228912998
14739,MartialStatus,63.05718184078809
20854,MartialStatus,73.51713406154971
15385,DegreeBranch,81.92558508002536
16834,DegreeBranch,81.8573569110784
22995,DegreeBranch,83.4559989737484
9851,MartialStatus,66.69597493398574
21489,NA,68.36025320374888
9977,MartialStatus,69.21239397182892
6693,LatestDegreeCGPA,69.39427453407536
9478,LatestDegreeCGPA,75.12121974100202
17964,CurrentCompanyType,76.74060660227795
11005,DegreeBranch,85.35416716238981
24066,MartialStatus,73.41127468306374
17737,DegreeBranch,75.4990981885066
12345,CurrentCompanyType,88.27320040743926
22377,DegreeBranch,84.06644053105973
6535,CurrentCompanyType,92.7333941801393
20962,DegreeBranch,85.04812028385794
3417,DegreeBranch,83.01914992496782
14209,NA,66.54014912286405
10571,NA,67.73876727690067
19011,MartialStatus,64.57236462784503
4602,DegreeBranch,79.335547157651
12066,LatestDegreeCGPA,80.33349114018499
14429,MartialStatus,62.891634140147076
16466,MartialStatus,69.47799183212425
17715,DegreeBranch,75.06983593863183
6549,MartialStatus,65.91085806281824
17354,CurrentCompanyType,72.83345604813576
22978,CurrentCompanyType,87.92347142382432
18767,MartialStatus,61.882228668565155
7762,CurrentCompanyType,83.76379933227784
4595,LatestDegreeCGPA,78.50594733760035
23119,MartialStatus,74.77774527477015
15276,DegreeBranch,74.0081951137957
10101,DegreeBranch,80.58492138136698
9370,MartialStatus,76.75650026951922
10898,CurrentCompanyType,88.875486089025
22118,MartialStatus,62.96307562178514
19576,LatestDegreeCGPA,71.20064271464645
6040,LatestDegreeCGPA,89.41149620110617
17256,LatestDegreeCGPA,76.60380595780705
2103,DegreeBranch,83.17090135700998
14035,MartialStatus,63.30611495198102
13574,DegreeBranch,77.62185125012259
2889,CurrentCompanyType,81.99215050284985
16286,CurrentCompanyType,85.70637290951987
4987,MartialStatus,64.05469395287912
8757,DegreeBranch,78.4648184719263
11460,MartialStatus,59.181733825914236
2422,MartialStatus,67.8760292991342
18160,EmpScore,81.03169470799921
15255,MartialStatus,68.9164124153643
10129,DegreeBranch,82.555047675824
23956,CurrentCompanyType,94.67249875953853
12570,MartialStatus,70.05946225514894
11801,EmpScore,73.95374055359284
14195,CurrentCompanyType,70.76977089630779
8688,DegreeBranch,81.44682205866829
16407,CurrentCompanyType,73.76930232254014
20505,MartialStatus,67.57132351787105
21474,MartialStatus,63.1962381542118
8557,LatestDegreeCGPA,78.74245910573701
9325,MartialStatus,73.29163304083687
2049,MartialStatus,66.09882192117809
2847,MartialStatus,77.69756003830231
6761,CurrentCompanyType,73.93150711542813
13424,DegreeBranch,74.8899805590528
2030,DegreeBranch,79.702914223476
7149,LatestDegreeCGPA,79.33349931708099
5704,CurrentCompanyType,87.94660767411347
11374,MartialStatus,70.47138525105083
10403,CurrentCompanyType,76.98535580341438
18727,LatestDegreeCGPA,84.60921681002351
23031,LatestDegreeCGPA,86.55198398225184
6722,MartialStatus,56.59994116323232
23916,CurrentCompanyType,76.62687850805861
16604,MartialStatus,68.5574646125497
4600,MartialStatus,66.80472915563806
6025,LatestDegreeCGPA,77.61805384446257
11579,DegreeBranch,84.7224850521443
19437,LatestDegreeCGPA,74.18725169872428
12548,DegreeBranch,79.48184318619397
19144,DegreeBranch,76.72426736382587
8202,CurrentCompanyType,81.0090795341618
10838,DegreeBranch,79.92762871599024
4922,DegreeBranch,71.40219981107428
5665,MartialStatus,65.13370999444413
8070,MartialStatus,71.09114330478737
8596,LatestDegreeCGPA,81.5949402813479
2194,CurrentCompanyType,86.19075080159593
11513,DegreeBranch,84.65753646375936
21788,DegreeBranch,78.43854461105566
12504,LatestDegreeCGPA,82.62962854890387
16131,CurrentCompanyType,72.58139026209689
21168,DegreeBranch,76.05184846802959
18905,CurrentCompanyType,71.56710228770969
12267,NA,67.2516138504724
2823,EmpScore,81.22439473024922
8687,LatestDegreeCGPA,66.94129996680886
23415,MartialStatus,66.5691939511484
20471,DegreeBranch,78.08386983875965
8567,MartialStatus,57.22523212612222
17296,LatestDegreeCGPA,78.59291225330901
5812,CurrentCompanyType,77.82004058915115
4852,DegreeBranch,78.55949632249747
8334,MartialStatus,68.7069820668752
22009,MartialStatus,58.86050698281285
13607,MartialStatus,63.44566061895955
2244,LatestDegreeCGPA,77.32185414898058
4801,DegreeBranch,80.48748311229653
9991,MartialStatus,55.277741419348644
15095,DegreeBranch,82.29229970984522
17331,MartialStatus,74.47700694838305
20744,CurrentCompanyType,87.0786933498726
17921,DegreeBranch,72.05921586753821
19973,DegreeBranch,79.60935016012698
12481,MartialStatus,58.54274774590593
14560,CurrentCompanyType,88.94709423941751
6169,CurrentCompanyType,85.27312404643567
2653,MartialStatus,72.44766717654538
24001,DegreeBranch,78.30532252883899
13916,CurrentCompanyType,80.665529780474
23824,EmpScore,77.52562783745344
24086,LatestDegreeCGPA,76.3418075078444
8240,MartialStatus,71.73280369693215
15604,DegreeBranch,71.56861515865226
21385,DegreeBranch,78.00181264157263
14826,MartialStatus,66.84143517623875
18829,MartialStatus,63.08944982390553
21783,CurrentCompanyType,90.19382016095823
12802,DegreeBranch,78.46448644603285
8902,DegreeBranch,82.50557001729392
6079,LatestDegreeCGPA,63.48448525145646
23492,MartialStatus,65.61638055120956
8510,MartialStatus,72.95723716250178
21617,CurrentCompanyType,90.30854545333119
19728,EmpScore,75.74593729558333
3073,DegreeBranch,80.11237445620898
8543,DegreeBranch,79.28763048533568
23463,DegreeBranch,77.53699631196022
8830,MartialStatus,67.68585744367547
4480,CurrentCompanyType,77.42263416208753
9464,DegreeBranch,77.31614103382874
11848,CurrentCompanyType,76.4519776303467
9586,MartialStatus,71.50869760128452
17818,DegreeBranch,74.5554994244608
21065,LatestDegreeCGPA,76.22850973861367
14987,DegreeBranch,83.78914085500357
12606,DegreeBranch,76.75526505818222
19515,CurrentCompanyType,83.23543950745415
13922,CurrentCompanyType,83.52411969875513
8057,LatestDegreeCGPA,74.72752703532309
17963,LatestDegreeCGPA,79.50712761112021
10989,CurrentCompanyType,74.15437832873687
16919,LatestDegreeCGPA,73.37142457876391
5530,CurrentCompanyType,83.2861884985149
7296,CurrentCompanyType,77.58579951369647
20111,CurrentCompanyType,84.93468138401238
12470,MartialStatus,63.780526644273415
10925,DegreeBranch,73.96721025070994
4918,MartialStatus,60.02220160799386
2009,LatestDegreeCGPA,79.01177211656027
18969,DegreeBranch,82.1123876108872
7486,DegreeBranch,81.66191824788979
20181,CurrentCompanyType,81.08565276183052
23154,MartialStatus,61.83747919871731
22160,CurrentCompanyType,81.7415460649022
20197,MartialStatus,69.6077292418527
4724,MartialStatus,62.2141292876075
7386,CurrentCompanyType,89.74021303364091
22897,CurrentCompanyType,83.60460493724115
16283,LatestDegreeCGPA,85.28357887733382
16403,MartialStatus,73.75338307435209
18252,DegreeBranch,81.11182279710494
23364,DegreeBranch,74.45010525374548
21572,CurrentCompanyType,78.32499877715499
8869,MartialStatus,59.62774146001647
6363,EmpScore,75.63835457313736
19498,NA,69.54960164984276
4276,MartialStatus,66.21927734824415
20338,MartialStatus,70.756301081103
2660,CurrentCompanyType,90.312850984661
22432,CurrentCompanyType,83.86269679020464
5875,DegreeBranch,79.30065770410037
5499,LatestDegreeCGPA,77.73389953165818
14794,MartialStatus,63.547983276621856
14346,DegreeBranch,88.0975197527009
8088,MartialStatus,69.28250030094446
14263,MartialStatus,66.83815026676932
19092,NA,70.59193911973567
6052,DegreeBranch,78.75300913714142
22037,LatestDegreeCGPA,85.40628419078098
19689,CurrentCompanyType,81.69655312155763
7382,CurrentCompanyType,70.64789614780918
22047,CurrentCompanyType,81.58674904343852
18610,LatestDegreeCGPA,76.31939731055353
4282,MartialStatus,62.2826169733352
11991,DegreeBranch,79.91267986438986
5673,MartialStatus,75.47252432436854
5918,MartialStatus,64.98826057389704
17217,DegreeBranch,74.65457418342437
4601,LatestDegreeCGPA,79.06486110029505
23608,CurrentCompanyType,76.7265313229664
23224,LatestDegreeCGPA,83.23527155524516
18976,DegreeBranch,76.12924634919766
10009,DegreeBranch,72.088438384063
7214,MartialStatus,66.89483439672381
22838,MartialStatus,66.32518965970921
8277,MartialStatus,63.05509672516862
8855,MartialStatus,62.38781214880862
12099,DegreeBranch,80.57116042889282
5470,MartialStatus,75.00286169856047
5191,DegreeBranch,83.49007463955448
17240,MartialStatus,69.97740478375687
14990,CurrentCompanyType,77.54250064345213
9220,MartialStatus,74.77594568581357
7377,DegreeBranch,83.35807602233044
2922,MartialStatus,71.5682503618152
22507,DegreeBranch,76.2113631567021
21271,CurrentCompanyType,72.63724431666799
2981,LatestDegreeCGPA,72.08553129888807
20479,CurrentCompanyType,86.83406263101438
14252,MartialStatus,72.8858342649886
22624,DegreeBranch,82.1624495186087
12431,DegreeBranch,78.73091768877592
22957,DegreeBranch,80.38225389167958
11797,MartialStatus,62.92199717544494
8898,DegreeBranch,73.3587643319974
11234,MartialStatus,65.70457895582052
11687,DegreeBranch,80.13805123473762
5425,DegreeBranch,78.76901279928309
5308,CurrentCompanyType,85.51675443208737
22325,EmpScore,75.98196798484841
3873,CurrentCompanyType,87.25666191476331
9609,CurrentCompanyType,80.94606493429994
10971,MartialStatus,63.73639172246237
13397,MartialStatus,72.8423726763972
20247,LatestDegreeCGPA,85.90327551418876
17709,CurrentCompanyType,88.67502917405147
8508,MartialStatus,68.49639726721769
10079,DegreeBranch,74.98333591859104
15943,DegreeBranch,80.15620601396118
4291,DegreeBranch,84.02926971813596
13501,NA,72.39345678734102
24180,DegreeBranch,80.14766836442848
13594,MartialStatus,72.58211341394097
13372,LatestDegreeCGPA,79.64208771162646
2493,DegreeBranch,80.60852595035699
7056,CurrentCompanyType,78.91272602497713
13752,MartialStatus,63.451781536326486
3093,DegreeBranch,82.79015552050636
20758,DegreeBranch,81.64310313698068
9608,DegreeBranch,84.30458706272799
16242,MartialStatus,51.524224901849244
23547,CurrentCompanyType,75.45103784585983
9169,MartialStatus,73.81360906325916
19592,LatestDegreeCGPA,68.67694945469313
14448,CurrentCompanyType,77.34010265945558
23495,LatestDegreeCGPA,84.32382200271046
14870,DegreeBranch,80.96186100005961
4529,NA,68.99851474887916
23719,MartialStatus,69.55995264453237
11659,DegreeBranch,74.37065166743332
4656,CurrentCompanyType,91.7232503274839
8377,NA,69.0510526311344
8051,MartialStatus,69.13275862029967
22385,NA,71.46772595815972
18876,MartialStatus,75.29479783913362
21743,MartialStatus,66.23637140689455
20732,DegreeBranch,71.25375167591791
16342,MartialStatus,72.80479939985831
7370,DegreeBranch,74.59740952868829
2300,MartialStatus,68.84655882315997
9664,DegreeBranch,74.31437078636056
23289,DegreeBranch,77.33184549203011
20208,NA,73.93606424158351
17676,MartialStatus,68.72342229596742
9780,DegreeBranch,81.09939225566637
17143,DegreeBranch,74.7805868035714
20504,MartialStatus,68.99594621429573
10759,MartialStatus,67.80524857353447
3735,LatestDegreeCGPA,76.46860001583607
2260,CurrentCompanyType,78.32387898969188
20603,LatestDegreeCGPA,77.66688680817389
18155,DegreeBranch,82.53206928321765
9221,CurrentCompanyType,74.1591945531393
18317,DegreeBranch,80.59698992869565
15599,CurrentCompanyType,88.57758764691962
11770,LatestDegreeCGPA,85.46782534194695
9696,MartialStatus,66.58404434036338
17120,MartialStatus,75.31891132725352
16267,DegreeBranch,80.6277118707301
8844,LatestDegreeCGPA,80.5200141695413
18049,LatestDegreeCGPA,78.2775935750777
21814,MartialStatus,63.8901120374046
21068,LatestDegreeCGPA,82.29406178520745
18558,CurrentCompanyType,87.47922637018672
7287,DegreeBranch,78.75171392083028
9635,DegreeBranch,78.52077279220951
21496,DegreeBranch,82.1071619365782
15235,DegreeBranch,79.31012332360757
16793,MartialStatus,66.21803475973114
7926,MartialStatus,59.20696428472151
6878,CurrentCompanyType,91.08436388421133
4017,EmpScore,70.94379476864341
16990,LatestDegreeCGPA,76.29341795686386
17127,DegreeBranch,74.87208858339707
9556,MartialStatus,71.45522725048065
11976,MartialStatus,63.318129819808
10377,DegreeBranch,81.1672146397074
5293,LatestDegreeCGPA,80.78961895323854
18235,DegreeBranch,82.60884549835882
9644,MartialStatus,67.41466275318659
21536,LatestDegreeCGPA,74.98731365005857
8170,MartialStatus,66.11846910151723
13679,DegreeBranch,73.19820703528937
10423,MartialStatus,64.60615452315996
5518,LatestDegreeCGPA,85.41639590059128
21058,MartialStatus,65.56122038762955
22656,DegreeBranch,77.74354749172277
3648,MartialStatus,72.32938987104428
24129,LatestDegreeCGPA,76.83354716328002
5899,MartialStatus,62.15869608346915
5921,MartialStatus,63.6113521873548
23165,DegreeBranch,79.23635230386712
22222,NA,69.24902615328833
15681,CurrentCompanyType,86.89128839525753
23169,LatestDegreeCGPA,86.00761049103977
17600,DegreeBranch,83.5496881093635
9166,MartialStatus,65.68932254648749
17841,CurrentCompanyType,76.20801897382512
23602,MartialStatus,74.17441176242973
23318,LatestDegreeCGPA,83.96220186394862
18778,MartialStatus,66.72109030103616
16451,DegreeBranch,79.66416898185759
3881,DegreeBranch,76.73938723851248
10826,EmpScore,80.76124393894187
6138,CurrentCompanyType,89.94047963193634
12622,MartialStatus,64.61544639555574
11512,DegreeBranch,74.74587411941133
13903,DegreeBranch,80.88038687239282
11053,DegreeBranch,78.53953974225242
12427,CurrentCompanyType,82.55898645899886
19793,MartialStatus,68.5580596965887
3908,CurrentCompanyType,77.43358077917587
3885,MartialStatus,71.14773985525781
8343,LatestDegreeCGPA,78.92665238991285
20901,MartialStatus,69.92979612102867
13857,DegreeBranch,74.07404045922883
12712,EmpScore,74.55965324787726
5653,CurrentCompanyType,91.35463270874908
21478,NA,70.35004699865799
10983,DegreeBranch,77.30737608526849
21574,DegreeBranch,75.28199359122351
19670,CurrentCompanyType,79.78726142836948
17621,CurrentCompanyType,77.28641322922691
7918,LatestDegreeCGPA,77.37588562247515
18465,MartialStatus,59.56471477267133
24287,CurrentCompanyType,78.18104272137128
23422,CurrentCompanyType,85.24455886308436
12398,DegreeBranch,83.78686033389337
9973,DegreeBranch,73.46924586943246
8336,DegreeBranch,81.87846670877843
20307,LatestDegreeCGPA,83.29426727012432
2691,LatestDegreeCGPA,87.84730990820997
20435,LatestDegreeCGPA,85.90483510217
19176,CurrentCompanyType,76.29776541103021
11388,DegreeBranch,75.58470313924111
3584,CurrentCompanyType,85.16522663361857
22468,MartialStatus,60.00482670844283
21296,LatestDegreeCGPA,73.99883744802743
20594,DegreeBranch,76.54411175211037
17792,NA,72.09920265206712
23898,MartialStatus,68.39742935624574
6299,LatestDegreeCGPA,71.6137591794556
5377,MartialStatus,67.37300814567878
5474,LatestDegreeCGPA,78.68524442147046
18860,MartialStatus,67.48392086454453
3980,CurrentCompanyType,93.47647453170339
8383,MartialStatus,71.24391522693789
6801,CurrentCompanyType,80.42631722477466
21432,DegreeBranch,78.63966943079633
15006,CurrentCompanyType,91.31406824663033
4342,CurrentCompanyType,80.58042485497654
24358,DegreeBranch,82.16489125866957
10309,LatestDegreeCGPA,76.94826893330017
17837,MartialStatus,56.567585165202885
15356,MartialStatus,61.445269709911706
9170,LatestDegreeCGPA,80.20068497441358
8246,MartialStatus,72.18188329354018
5661,CurrentCompanyType,84.37510143934493
18068,DegreeBranch,77.71903606516702
18875,DegreeBranch,80.86379724357059
9864,DegreeBranch,77.24370380519929
6847,MartialStatus,67.73185562548339
21253,CurrentCompanyType,83.56143832526905
5119,MartialStatus,61.076480277814575
4120,DegreeBranch,79.08557931395123
21859,DegreeBranch,79.26027306302743
19946,LatestDegreeCGPA,87.45266206831339
20702,DegreeBranch,79.6304350370506
20816,MartialStatus,70.07810895042779
12603,CurrentCompanyType,91.47144220472546
15479,LatestDegreeCGPA,76.16716183938692
17960,MartialStatus,70.40461005917263
4916,MartialStatus,64.39262414714335
3270,LatestDegreeCGPA,81.89282268170794
21421,LatestDegreeCGPA,79.5875677184479
8731,MartialStatus,65.62854154062798
3460,MartialStatus,68.69085580003
22115,LatestDegreeCGPA,89.53171012704303
23109,CurrentCompanyType,92.32558598851446
12694,CurrentCompanyType,91.45455890397865
19868,CurrentCompanyType,82.92353370840483
15636,CurrentCompanyType,86.2901113432512
16918,LatestDegreeCGPA,76.50700427641698
8220,CurrentCompanyType,83.17859630731829
2485,DegreeBranch,79.8753337975318
7498,MartialStatus,66.33053822728911
18133,MartialStatus,66.82265681861335
14704,EmpScore,77.02351211579072
22814,CurrentCompanyType,75.90731812841315
17602,MartialStatus,66.80290004020961
4485,CurrentCompanyType,79.12197989688514
3466,CurrentCompanyType,87.58321795327251
24266,LatestDegreeCGPA,79.1572366903373
4654,MartialStatus,72.06524980075552
23093,CurrentCompanyType,89.30473862413139
24098,MartialStatus,70.78737262015889
7100,DegreeBranch,75.03414219053573
22147,CurrentCompanyType,85.5600600183348
10034,CurrentCompanyType,84.9454763937245
6102,CurrentCompanyType,85.60666046787316
4978,DegreeBranch,76.30292039349266
16800,CurrentCompanyType,77.70792404498413
18636,MartialStatus,76.4937433478397
5080,EmpScore,80.60199713631883
5057,CurrentCompanyType,91.34258224383184
19829,MartialStatus,72.11267257969422
12920,MartialStatus,70.1731508886147
24039,CurrentCompanyType,79.211746745579
3791,LatestDegreeCGPA,90.71387149804364
13288,DegreeBranch,79.4766623254031
11170,DegreeBranch,84.37960458645559
16639,CurrentCompanyType,94.1671238550241
6691,CurrentCompanyType,81.5206084635401
16072,DegreeBranch,81.34722240033709
21696,MartialStatus,59.79463078479052
16018,LatestDegreeCGPA,81.2429209978886
16700,CurrentCompanyType,77.88109069325849
2856,MartialStatus,63.55276710653248
23978,MartialStatus,69.40377365048984
21187,DegreeBranch,67.06867256667617
16548,CurrentCompanyType,84.81152162359004
21430,DegreeBranch,72.70703282792904
5343,DegreeBranch,78.44791943663915
10080,MartialStatus,66.25138304805331
15015,CurrentCompanyType,79.72591120649261
19878,MartialStatus,59.11232902613444
7244,CurrentCompanyType,85.67173188597033
21304,LatestDegreeCGPA,88.42544959179526
8623,MartialStatus,70.41289902662633
14436,CurrentCompanyType,84.71388151102147
17280,MartialStatus,67.99285827128276
7900,MartialStatus,67.44265404699165
21828,NA,75.82145931561489
9001,CurrentCompanyType,84.78113048845631
17585,CurrentCompanyType,89.35618995386706
2328,LatestDegreeCGPA,72.37218505388006
15541,CurrentCompanyType,88.34896226567703
22406,DegreeBranch,80.3555816475752
8338,CurrentCompanyType,83.57863751979136
10391,NA,70.16110692469647
4765,MartialStatus,62.6010855380416
6339,EmpScore,82.03135106493575
13816,MartialStatus,69.27485533483721
23490,NA,65.8982577012825
24120,MartialStatus,62.32663953501281
21270,MartialStatus,70.80820151011503
19634,LatestDegreeCGPA,72.39161322526915
15662,MartialStatus,65.90806461743017
18108,DegreeBranch,79.98501639701301
9139,MartialStatus,61.54990399092675
8818,CurrentCompanyType,80.06280483646222
21286,LatestDegreeCGPA,79.09136748540855
23716,CurrentCompanyType,73.402757484494
12596,LatestDegreeCGPA,80.0496812134663
11244,DegreeBranch,78.42215773776485
17370,CurrentCompanyType,88.5207983288293
20062,MartialStatus,75.33961135687655
4300,MartialStatus,70.76801954607735
15706,CurrentCompanyType,83.12196672542811
15749,CurrentCompanyType,75.77376613905255
11110,DegreeBranch,82.43849739711484
8628,DegreeBranch,81.21646240347974
10618,MartialStatus,63.09314599737315
22472,MartialStatus,67.77024668212964
15407,CurrentCompanyType,85.43082429560333
22361,DegreeBranch,79.64786000723906
8081,MartialStatus,60.219149573429675
5930,DegreeBranch,75.7758246821808
24028,DegreeBranch,76.22656393623927
5680,MartialStatus,69.12046960164574
11620,DegreeBranch,71.85286407516111
13689,LatestDegreeCGPA,71.32521967923954
18651,MartialStatus,71.91055932248311
9349,DegreeBranch,80.49523240180476
12573,CurrentCompanyType,75.7558414004873
12409,MartialStatus,73.88007895742453
6736,CurrentCompanyType,78.64361943723104
17203,CurrentCompanyType,84.03203388470584
11437,MartialStatus,66.15188376449764
7958,CurrentCompanyType,84.98404359597914
21021,MartialStatus,60.77676038712774
9927,MartialStatus,63.49070151548602
10251,MartialStatus,65.36490161216435
10881,MartialStatus,64.32451054835613
12296,MartialStatus,68.02361453688343
3257,MartialStatus,62.79534197580248
11777,EmpScore,70.16064588981105
10102,DegreeBranch,81.16927026913493
7310,MartialStatus,68.56569787359253
6894,CurrentCompanyType,84.63055961044503
10829,DegreeBranch,79.55401435854958
24241,CurrentCompanyType,81.15158004467585
8518,LatestDegreeCGPA,63.52700069292876
12169,CurrentCompanyType,93.74793547964484
8738,DegreeBranch,82.14171115587618
21117,DegreeBranch,69.27280301729793
20886,LatestDegreeCGPA,78.27850804047796
2316,MartialStatus,67.71093374748787
10552,DegreeBranch,78.31177331645043
9740,MartialStatus,65.14312642795812
8512,DegreeBranch,79.86036983295952
20508,DegreeBranch,75.9571049816593
23705,EmpScore,76.1849603840755
21697,DegreeBranch,74.05342269160795
2934,MartialStatus,64.3564261997115
20581,CurrentCompanyType,89.21951827965636
20560,LatestDegreeCGPA,77.10089001260425
23071,CurrentCompanyType,77.44256117110797
22191,DegreeBranch,79.59108606914012
17023,CurrentCompanyType,75.73724473288607
18202,LatestDegreeCGPA,71.6413809987508
17111,MartialStatus,63.46340008449564
23713,CurrentCompanyType,79.89318404277915
10516,MartialStatus,58.49605720317591
4736,MartialStatus,64.72538296877651
15325,CurrentCompanyType,76.32691326641921
23516,DegreeBranch,79.0964952429212
15393,CurrentCompanyType,85.81976531916276
20398,CurrentCompanyType,90.99235459526278
22906,DegreeBranch,74.77055749057023
19227,MartialStatus,66.59451111658268
21597,DegreeBranch,78.62913273041579
9697,LatestDegreeCGPA,77.46062673967307
12003,DegreeBranch,77.4056988366431
20036,LatestDegreeCGPA,73.38524853941766
20811,MartialStatus,68.6833707021876
20880,EmpScore,72.94831715097644
23612,CurrentCompanyType,78.95649618829492
10122,LatestDegreeCGPA,74.43529403225666
6471,LatestDegreeCGPA,80.3010051981629
6980,CurrentCompanyType,89.61629337709687
4694,NA,74.26085362004238
5151,EmpScore,79.44178968032472
7653,MartialStatus,71.08520586097828
16941,MartialStatus,72.20838371638946
18669,MartialStatus,65.31717141096304
18029,DegreeBranch,83.39428152794389
10841,CurrentCompanyType,72.77926674922278
19753,DegreeBranch,76.74975719127794
16339,DegreeBranch,78.73068625132285
24340,DegreeBranch,72.4491702547086
21264,DegreeBranch,77.51155254304416
14857,DegreeBranch,82.23999675508921
13254,DegreeBranch,81.71428737080325
5870,CurrentCompanyType,89.15369361091312
8432,DegreeBranch,75.52978123315918
14720,DegreeBranch,77.46471794298392
21624,LatestDegreeCGPA,86.9458918407686
10107,DegreeBranch,78.19016813563536
5314,MartialStatus,60.51303775444988
16235,LatestDegreeCGPA,71.36451505153242
9939,DegreeBranch,74.18569036319462
13892,MartialStatus,68.68736076969424
2192,LatestDegreeCGPA,84.68692882439697
2824,EmpScore,80.7421234914583
4298,DegreeBranch,78.96764397390974
2410,NA,62.80292797865494
23362,CurrentCompanyType,85.92136233542003
8857,LatestDegreeCGPA,81.84312427942521
17579,DegreeBranch,79.59110470243984
14004,LatestDegreeCGPA,89.14028289784746
16224,MartialStatus,68.74090905541642
12806,MartialStatus,63.43929907760605
8639,MartialStatus,62.76127192148932
21323,MartialStatus,60.91306930282748
8250,CurrentCompanyType,81.28718027120566
5325,DegreeBranch,83.69356323466893
17488,LatestDegreeCGPA,73.46678866872256
21904,MartialStatus,62.72546251222461
5117,LatestDegreeCGPA,71.20611501575544
6057,DegreeBranch,76.99989147157797
20784,CurrentCompanyType,76.45936509313951
8190,CurrentCompanyType,85.32464816090508
15597,LatestDegreeCGPA,76.71369579991084
4727,MartialStatus,59.714768273592064
17439,MartialStatus,63.361039977783975
15171,MartialStatus,63.241881097213884
14552,DegreeBranch,78.53659194260256
7252,MartialStatus,69.85618080485935
20813,MartialStatus,69.80667746768509
18994,CurrentCompanyType,75.50189373894192
10013,MartialStatus,73.23560667372197
21948,DegreeBranch,79.07714692940937
18774,DegreeBranch,85.67623845766937
8228,DegreeBranch,77.61382470062259
4253,LatestDegreeCGPA,76.03671448809851
8766,LatestDegreeCGPA,76.42264729197947
19239,LatestDegreeCGPA,77.46106704530513
15642,MartialStatus,63.3005460793714
4672,DegreeBranch,77.92345997744052
24239,DegreeBranch,85.27275625122503
17033,DegreeBranch,83.03445384662926
23536,CurrentCompanyType,86.032424645432
15457,MartialStatus,70.05893791425754
4030,NA,68.76001959283377
11636,MartialStatus,65.13609621541896
24080,DegreeBranch,74.70665388124416
8574,CurrentCompanyType,84.48952371048568
12838,LatestDegreeCGPA,76.52931213788324
7629,MartialStatus,65.40878552450366
20926,MartialStatus,65.19007223698175
2814,LatestDegreeCGPA,75.62042839604656
13187,CurrentCompanyType,88.29738487248684
5076,LatestDegreeCGPA,92.13263105741237
8912,LatestDegreeCGPA,77.60451001961763
18009,DegreeBranch,75.8639609931771
7257,DegreeBranch,79.9781252828798
13334,CurrentCompanyType,80.39635562341036
9445,CurrentCompanyType,88.75374835159134
12578,LatestDegreeCGPA,87.57575440173714
16719,DegreeBranch,76.94993140930156
7707,LatestDegreeCGPA,77.44031082103348
10160,EmpScore,83.91108685213496
4194,EmpScore,70.23781520538779
5048,DegreeBranch,76.3451664571462
3789,CurrentCompanyType,79.76740780700416
6602,LatestDegreeCGPA,73.4850945599078
12989,CurrentCompanyType,84.21079407235712
4793,CurrentCompanyType,85.98629085743298
23757,MartialStatus,62.81114822494469
23276,DegreeBranch,81.30158870946966
13667,EmpScore,82.19350134737333
24327,DegreeBranch,77.40740558889104
4702,DegreeBranch,78.8966329650983
9048,DegreeBranch,81.72131799999799
18032,MartialStatus,65.59579243094976
23476,DegreeBranch,75.78305919674827
18265,NA,72.25122810770337
13980,MartialStatus,69.9124948945479
15907,MartialStatus,68.3314143408031
20387,LatestDegreeCGPA,85.20799070943514
9621,DegreeBranch,83.02841233303643
4283,DegreeBranch,77.17748805860941
9404,CurrentCompanyType,84.21412921652481
5321,DegreeBranch,71.33785161526262
15974,DegreeBranch,77.95646435035594
17955,CurrentCompanyType,86.21524775837574
10112,DegreeBranch,85.2590434696796
23697,CurrentCompanyType,79.17583034099486
12087,MartialStatus,69.75869757174294
5913,LatestDegreeCGPA,65.84951875497623
11451,CurrentCompanyType,86.87421285886425
11260,DegreeBranch,76.9541694012336
10711,CurrentCompanyType,91.05822139797631
9706,MartialStatus,62.98596965892574
23651,CurrentCompanyType,81.91319746745685
16319,LatestDegreeCGPA,91.0823880002333
4278,CurrentCompanyType,87.87671449409774
22878,CurrentCompanyType,82.36099982217357
3506,CurrentCompanyType,88.21156695701401
17731,CurrentCompanyType,85.4324255457156
21721,MartialStatus,70.85378329743837
23653,CurrentCompanyType,87.77236736395727
13006,MartialStatus,69.7650750882104
5715,CurrentCompanyType,83.5880908150566
6300,DegreeBranch,78.49803079866984
10884,MartialStatus,74.32724148218733
8154,LatestDegreeCGPA,82.09379399524032
21636,MartialStatus,68.69466890049942
8470,DegreeBranch,80.41384813968878
24187,CurrentCompanyType,91.18129110554005
6262,MartialStatus,69.84850639018774
23028,EmpScore,79.61747617837165
10231,MartialStatus,64.42529410999498
3177,DegreeBranch,77.21855851954713
7208,CurrentCompanyType,84.96862372489
14971,MartialStatus,72.85818231149578
8537,DegreeBranch,80.01284486133378
15444,DegreeBranch,81.27850039416843
11263,DegreeBranch,76.39781608194538
18839,MartialStatus,72.09964484756983
24259,DegreeBranch,72.98168291823185
3211,MartialStatus,75.55624902481651
6882,MartialStatus,73.95462759354277
17838,MartialStatus,64.99196540075265
10503,CurrentCompanyType,82.11075775508851
22635,MartialStatus,67.34481613928725
11209,MartialStatus,68.62996291773425
12507,LatestDegreeCGPA,87.89933050972553
8580,DegreeBranch,72.49761118972482
15438,LatestDegreeCGPA,75.83702086900179
5528,MartialStatus,68.79744948593009
6821,LatestDegreeCGPA,84.79439810295503
22874,CurrentCompanyType,85.84651875108992
8443,DegreeBranch,80.90092140751099
22690,CurrentCompanyType,88.02381505046239
12790,NA,71.74512151820707
10037,EmpScore,84.52826635758898
7935,DegreeBranch,70.41026563158167
6196,MartialStatus,68.65426012250039
22081,LatestDegreeCGPA,73.61557079403967
12172,CurrentCompanyType,89.27624435030377
12034,MartialStatus,68.88130764902105
23711,LatestDegreeCGPA,70.78688841153854
9234,CurrentCompanyType,85.89404950766982
19595,DegreeBranch,73.06815136084629
22857,NA,69.27923655032899
8442,LatestDegreeCGPA,65.74099736660492
20384,LatestDegreeCGPA,84.3354105628404
11638,CurrentCompanyType,81.75766159971103
23894,MartialStatus,63.70383886788908
7609,CurrentCompanyType,82.9259317978289
22548,EmpScore,71.1797902947541
7615,CurrentCompanyType,87.9265611300718
4792,DegreeBranch,83.19651227869988
16741,MartialStatus,68.42957807188279
9565,DegreeBranch,72.91139917032005
8089,MartialStatus,67.38610193276105
13174,MartialStatus,72.8874666762052
8911,LatestDegreeCGPA,72.48720607629392
14137,LatestDegreeCGPA,90.24991015605528
16348,LatestDegreeCGPA,83.14447368639757
16216,EmpScore,81.8847388581144
13290,DegreeBranch,76.03046369791765
23957,EmpScore,72.07145934307674
11956,CurrentCompanyType,83.39233474659767
10396,DegreeBranch,77.97517468309604
11993,LatestDegreeCGPA,71.16184018365404
18514,MartialStatus,68.58200624572753
4653,CurrentCompanyType,75.30174649552652
16690,NA,71.6147177142999
7662,CurrentCompanyType,74.90113993601209
9472,CurrentCompanyType,75.28943170896764
2944,CurrentCompanyType,87.57750015421306
17604,DegreeBranch,78.66772382471336
13734,MartialStatus,73.39734944799437
16975,MartialStatus,63.93534202854222
11258,CurrentCompanyType,89.51576024070003
16976,MartialStatus,73.87345821413457
22746,CurrentCompanyType,71.61034438157392
6388,CurrentCompanyType,89.42650765526338
11224,MartialStatus,75.28941521492732
22867,MartialStatus,66.53273944386547
23650,MartialStatus,66.38667351517343
20336,DegreeBranch,80.77372999735985
15247,DegreeBranch,75.55653913214104
4633,LatestDegreeCGPA,79.45286931876791
2246,DegreeBranch,81.45266080486904
4240,MartialStatus,73.34987874557581
17544,MartialStatus,72.62096559746794
8405,CurrentCompanyType,76.86832516119847
8255,CurrentCompanyType,74.34730138054726
17580,LatestDegreeCGPA,67.53091470865787
3288,CurrentCompanyType,77.18788940260158
10256,LatestDegreeCGPA,68.17708038949073
15810,LatestDegreeCGPA,83.28521341444475
12924,CurrentCompanyType,87.7750466086636
17019,LatestDegreeCGPA,67.03872701761091
10758,MartialStatus,62.74933319743009
15720,MartialStatus,68.29034207838238
7068,CurrentCompanyType,75.56315965686474
12319,CurrentCompanyType,89.28873078793131
12680,DegreeBranch,80.72806074417754
4073,MartialStatus,67.74858240449522
7087,MartialStatus,68.29045363404477
13162,DegreeBranch,75.18616285010395
13277,LatestDegreeCGPA,65.2288142432939
18938,CurrentCompanyType,91.18516295759731
21366,CurrentCompanyType,90.56144983638391
21553,DegreeBranch,81.69596012797365
21012,MartialStatus,63.228553516272626
6804,LatestDegreeCGPA,71.0170431590658
18978,DegreeBranch,80.74832400685278
3340,EmpScore,75.13242341395289
8541,CurrentCompanyType,88.87288165886338
16607,LatestDegreeCGPA,77.22202866447392
18573,MartialStatus,62.694189517061574
23133,MartialStatus,61.325681740272636
15781,EmpScore,75.48045967835775
8464,NA,67.28176289253508
4258,EmpScore,72.00756708159177
18910,DegreeBranch,84.01173314226308
6678,CurrentCompanyType,87.54466677806235
3753,DegreeBranch,75.3105606236871
11755,EmpScore,70.52223723818634
18137,CurrentCompanyType,77.13810556321562
10336,DegreeBranch,76.19640211605984
7617,CurrentCompanyType,81.36517414549454
13204,MartialStatus,69.62123728302198
22311,MartialStatus,69.9732354131451
20097,MartialStatus,74.97902911172447
11366,DegreeBranch,74.7744313261061
5081,CurrentCompanyType,77.93717952816124
12399,LatestDegreeCGPA,83.44500600217043
19962,MartialStatus,60.050500320610524
3615,DegreeBranch,74.45004048094631
8895,CurrentCompanyType,73.02384905159268
3654,CurrentCompanyType,77.15297720693017
20289,MartialStatus,71.64692953353652
24195,MartialStatus,66.80741573367773
5449,DegreeBranch,83.09320873099196
16759,MartialStatus,56.668916741013454
11637,CurrentCompanyType,72.73383692758597
11249,DegreeBranch,77.40217586509588
14283,CurrentCompanyType,77.47031387995568
10589,CurrentCompanyType,87.35704828813972
2432,MartialStatus,66.64236438677321
22712,CurrentCompanyType,77.57450159949632
14973,MartialStatus,64.53871455731685
11593,DegreeBranch,75.32897861507298
16115,LatestDegreeCGPA,83.05577058232743
18918,DegreeBranch,79.57798580933874
14872,MartialStatus,65.26709173454564
18584,MartialStatus,64.54618989927087
6145,CurrentCompanyType,93.89382717622661
24220,MartialStatus,56.02349583875492
15232,NA,62.65007067812685
3631,CurrentCompanyType,93.24572504674839
10541,MartialStatus,73.56628881453382
5147,DegreeBranch,80.79389211527403
20245,LatestDegreeCGPA,68.03764745739647
14105,CurrentCompanyType,86.00343822175462
8552,DegreeBranch,82.81346930374887
9017,LatestDegreeCGPA,76.2592955624924
3085,CurrentCompanyType,89.50664421161798
16765,LatestDegreeCGPA,83.03114200027414
8632,DegreeBranch,78.86234603100478
16486,LatestDegreeCGPA,77.5089303858517
13107,NA,72.25631017528382
18834,MartialStatus,73.41279724209164
8393,CurrentCompanyType,74.76248527063848
11825,DegreeBranch,80.05109870970006
9564,DegreeBranch,78.22793998182688
23107,DegreeBranch,80.82534079068587
20919,CurrentCompanyType,74.32476406855417
10068,DegreeBranch,78.44409000907599
22189,LatestDegreeCGPA,90.99101848488077
18929,MartialStatus,63.78589584526542
20005,DegreeBranch,73.74573267243997
24047,MartialStatus,69.16487566531578
24237,DegreeBranch,81.37094501608627
20838,LatestDegreeCGPA,79.25798005663025
13381,MartialStatus,56.76414582629063
22702,CurrentCompanyType,88.68490546273168
22040,LatestDegreeCGPA,73.26181895427817
14998,DegreeBranch,75.21613172092317
15856,MartialStatus,62.063074219764566
16037,MartialStatus,72.63913289670148
13979,MartialStatus,68.36764329059163
24255,LatestDegreeCGPA,90.72507049406781
12096,DegreeBranch,80.9606393089812
7496,MartialStatus,64.63655118206728
17787,NA,70.67976580566975
20441,MartialStatus,64.75044843705915
16750,CurrentCompanyType,83.29599787621297
21000,NA,65.73252965649343
7956,DegreeBranch,74.47523065730621
15456,DegreeBranch,80.26509253966039
20604,DegreeBranch,77.24182154080732
15136,LatestDegreeCGPA,86.29313070306054
9358,MartialStatus,68.08867555386965
6994,DegreeBranch,80.95925479063477
8929,LatestDegreeCGPA,85.59779149816103
12425,DegreeBranch,80.89556744210955
13210,NA,73.71145626864447
12429,MartialStatus,64.36284932198367
14793,DegreeBranch,79.39040940816629
14483,MartialStatus,61.58399458202378
2429,CurrentCompanyType,83.83360387032326
21215,DegreeBranch,77.91885318206366
16051,DegreeBranch,78.80631103407718
10808,MartialStatus,63.49180010111725
5777,LatestDegreeCGPA,91.46246631881601
12645,DegreeBranch,79.26242291352919
2839,DegreeBranch,72.12035852050622
9605,CurrentCompanyType,90.92535632534211
9056,CurrentCompanyType,74.76827519953521
17429,MartialStatus,62.22375638047662
12209,MartialStatus,63.43316894920452
10238,DegreeBranch,77.96468060890501
3938,MartialStatus,53.891128333266565
12127,NA,65.38401464024525
3739,NA,68.57345201978835
6341,CurrentCompanyType,83.67714119216981
24085,CurrentCompanyType,77.50017095940514
12479,MartialStatus,64.70814595893206
20935,MartialStatus,66.37488762739164
22461,LatestDegreeCGPA,82.42853606741268
3657,DegreeBranch,83.36252729173981
23445,MartialStatus,60.254571565621
19334,CurrentCompanyType,75.53008639045676
11870,DegreeBranch,81.42723464487216
23227,CurrentCompanyType,80.86930367330721
15089,MartialStatus,67.32407688139183
7493,MartialStatus,66.29705450917801
2416,MartialStatus,67.86002782046972
16780,CurrentCompanyType,75.09133359297611
22506,CurrentCompanyType,84.43772329705703
15179,DegreeBranch,77.84522652002224
2426,CurrentCompanyType,85.72098518435615
18451,CurrentCompanyType,80.2114900477597
21648,MartialStatus,70.06603826036874
20127,CurrentCompanyType,77.42583287170811
19172,CurrentCompanyType,78.0495158133848
14893,CurrentCompanyType,84.24446546972783
16683,DegreeBranch,79.53010341034096
17625,LatestDegreeCGPA,76.37526563974608
8257,CurrentCompanyType,88.52206007376071
12451,LatestDegreeCGPA,91.7130088974628
22766,MartialStatus,58.821758271383686
22347,CurrentCompanyType,87.77722561524945
11370,CurrentCompanyType,73.51055998017779
16081,DegreeBranch,76.64774167674273
19303,DegreeBranch,76.76540597156905
15925,LatestDegreeCGPA,76.11732865127468
21365,LatestDegreeCGPA,77.96082017822827
9466,MartialStatus,70.62268576717332
11723,MartialStatus,67.68891825390551
16457,MartialStatus,68.3680758972239
5755,CurrentCompanyType,83.08953046115413
2163,CurrentCompanyType,85.43219496101193
12018,DegreeBranch,75.1875169974724
15784,CurrentCompanyType,86.91211627809895
12823,MartialStatus,61.696770633979696
3218,MartialStatus,68.16379096828624
15027,LatestDegreeCGPA,88.74842480127114
16104,MartialStatus,68.10188882706262
5134,CurrentCompanyType,86.77109410341635
4774,LatestDegreeCGPA,84.86220638650018
19638,LatestDegreeCGPA,84.7691485043404
19266,MartialStatus,69.59559767086927
18006,MartialStatus,61.47707729586083
4660,LatestDegreeCGPA,74.01260474781357
23465,CurrentCompanyType,81.44658949403139
20254,MartialStatus,64.62885458819184
8495,DegreeBranch,73.3969944188631
5966,LatestDegreeCGPA,87.91760793961035
14910,DegreeBranch,76.33958170911143
14022,CurrentCompanyType,89.90364686182726
6852,DegreeBranch,83.2382664423297
14576,MartialStatus,65.26916157458449
22213,MartialStatus,65.65242594281679
4285,LatestDegreeCGPA,85.12088561612777
12377,MartialStatus,73.43640821465166
11148,MartialStatus,66.51269195175175
14318,MartialStatus,65.1202118734487
2933,LatestDegreeCGPA,71.791034734907
24205,DegreeBranch,72.22756046863044
3838,CurrentCompanyType,87.3049252243969
8970,CurrentCompanyType,81.12709360012117
12116,DegreeBranch,75.96689179379955
4821,MartialStatus,68.98537259378344
15744,MartialStatus,66.05896441283231
17637,CurrentCompanyType,76.66959742362454
8098,DegreeBranch,66.40754879788234
21894,MartialStatus,67.56562262139126
19800,CurrentCompanyType,91.35895022476157
12978,LatestDegreeCGPA,87.66092525507173
23269,EmpScore,79.62545182646396
11014,CurrentCompanyType,81.58690782116805
10263,DegreeBranch,85.73284637551848
21454,MartialStatus,68.76204602266284
22831,MartialStatus,65.08981994551404
5463,CurrentCompanyType,77.4981289519666
19259,MartialStatus,58.65198307678533
15785,DegreeBranch,77.73959269826618
18746,MartialStatus,54.353302120560656
6720,MartialStatus,66.1134859216598
3355,LatestDegreeCGPA,73.66319547905692
13800,MartialStatus,64.05738523620401
22300,LatestDegreeCGPA,76.80494326805949
9103,DegreeBranch,84.016670059557
12447,DegreeBranch,82.00867216917612
22789,NA,74.05809382331697
24283,DegreeBranch,80.82836260138544
14878,LatestDegreeCGPA,76.15270465778654
13680,DegreeBranch,80.09488799966199
23900,DegreeBranch,83.79508438926342
9535,CurrentCompanyType,79.54800112909027
17456,LatestDegreeCGPA,72.93427739319888
14822,CurrentCompanyType,81.69794313248008
16375,CurrentCompanyType,78.67526580911455
20596,MartialStatus,66.32072022952204
12554,MartialStatus,66.10495962727333
13760,MartialStatus,74.83278826651618
19580,CurrentCompanyType,86.6459669453775
16111,LatestDegreeCGPA,73.17024904502532
15673,CurrentCompanyType,79.55604641261954
18238,DegreeBranch,76.95595717731284
12647,DegreeBranch,78.33081186043918
4225,MartialStatus,65.2140418238378
17049,MartialStatus,60.619246853759506
21520,DegreeBranch,77.70311118766259
16822,EmpScore,74.05405485434477
17174,LatestDegreeCGPA,75.33632145375809
2761,DegreeBranch,83.98863696656481
11315,DegreeBranch,81.79633294075742
2086,MartialStatus,66.18037344734888
19656,MartialStatus,67.97995384554952
4677,CurrentCompanyType,74.75782407068073
4606,CurrentCompanyType,73.38746199273074
7548,LatestDegreeCGPA,77.87862596630973
10575,DegreeBranch,85.63230386962428
15045,MartialStatus,67.56451365832417
15341,DegreeBranch,77.36881185821865
4629,DegreeBranch,79.19896346447845
20095,LatestDegreeCGPA,78.9194715650959
15202,MartialStatus,64.04490859353874
7940,CurrentCompanyType,90.35655309827763
23909,DegreeBranch,82.38535674950045
24270,DegreeBranch,77.74569831034258
5255,CurrentCompanyType,80.69314375611489
11445,DegreeBranch,81.58449674765373
10809,DegreeBranch,75.61573790193
3387,EmpScore,72.89959724297746
4661,LatestDegreeCGPA,67.20319057715243
18273,CurrentCompanyType,88.70910722263062
14612,MartialStatus,70.63301933994428
15108,MartialStatus,61.996386759623945
11918,DegreeBranch,73.5286970797411
9713,MartialStatus,63.36687006409963
16680,DegreeBranch,77.69222526702612
9765,EmpScore,71.97926842668727
18095,DegreeBranch,78.19862917484531
7746,CurrentCompanyType,87.59464144720556
22298,CurrentCompanyType,88.86863717482427
22116,MartialStatus,66.10380019637543
14525,MartialStatus,65.89647817974132
19125,DegreeBranch,76.64251863610848
5616,CurrentCompanyType,91.97459219384342
11917,MartialStatus,62.24095125078555
9387,MartialStatus,73.47769270014128
9391,LatestDegreeCGPA,81.31112740342743
24017,MartialStatus,65.33258042276297
2414,CurrentCompanyType,89.15590324049538
16141,CurrentCompanyType,82.67716810358658
12149,DegreeBranch,81.95178299326948
14824,LatestDegreeCGPA,75.13121559402529
24051,DegreeBranch,79.31283862200229
15119,MartialStatus,66.07302026016217
7259,LatestDegreeCGPA,83.8226208811838
18555,MartialStatus,70.90939072530199
19787,NA,71.67476336561381
23176,DegreeBranch,83.02464721852171
10668,DegreeBranch,79.22466555418121
16679,MartialStatus,69.40930212190975
6900,LatestDegreeCGPA,76.82368900278017
2588,CurrentCompanyType,86.43558404989726
21785,MartialStatus,65.87584542390482
14989,DegreeBranch,72.1129750868124
23927,LatestDegreeCGPA,75.18995452855503
18684,NA,69.28729210232538
20165,CurrentCompanyType,79.3001753431906
14757,MartialStatus,73.25274487053055
7101,MartialStatus,69.0174034495312
12985,MartialStatus,64.77182399518345
10293,DegreeBranch,81.37126975549987
11463,MartialStatus,71.80618862336487
20294,CurrentCompanyType,82.21807982951705
7044,DegreeBranch,79.70945329309873
21214,LatestDegreeCGPA,80.44314257433273
14956,CurrentCompanyType,79.8162522441309
9209,DegreeBranch,72.75695740167077
16002,DegreeBranch,81.84186007951185
7160,DegreeBranch,78.94868076432633
15311,DegreeBranch,76.60348407964946
9898,EmpScore,67.26487874737471
8601,LatestDegreeCGPA,83.2883503168845
5264,MartialStatus,65.56094722372713
4756,DegreeBranch,83.9431497339789
19089,DegreeBranch,79.08348142823476
15373,MartialStatus,57.62027703519753
23778,DegreeBranch,76.69112079636724
4830,EmpScore,80.19821617742642
4245,CurrentCompanyType,89.20801834807358
15117,MartialStatus,72.36692218709554
7243,EmpScore,76.9777125243759
13969,MartialStatus,68.05656877250523
10410,MartialStatus,63.69804715238597
19385,MartialStatus,72.17259568700092
17367,CurrentCompanyType,76.57549221065545
17170,EmpScore,77.04190164342563
9839,LatestDegreeCGPA,77.79966452716982
12825,CurrentCompanyType,73.8295990515881
6005,DegreeBranch,77.1619713855345
6985,DegreeBranch,79.95553156587074
12501,MartialStatus,65.09926418322104
7440,NA,69.9792510679768
2290,DegreeBranch,77.7144832790284
8483,LatestDegreeCGPA,77.27793967178398
19358,CurrentCompanyType,81.13097581333342
12473,LatestDegreeCGPA,76.01893856055288
10671,CurrentCompanyType,92.49856394750518
14520,LatestDegreeCGPA,77.50056062480415
2735,LatestDegreeCGPA,66.93852874446738
5251,MartialStatus,64.65945474792633
3666,DegreeBranch,81.82056739300623
16199,CurrentCompanyType,72.47895888040088
7659,DegreeBranch,77.41790195350353
18370,DegreeBranch,74.20462182281649
15384,CurrentCompanyType,83.73294521847177
12273,LatestDegreeCGPA,68.77295060575904
9662,CurrentCompanyType,90.19231128949549
24214,MartialStatus,71.21853248088712
19037,CurrentCompanyType,81.76273685259073
8414,MartialStatus,71.5936155483214
18063,LatestDegreeCGPA,74.27219480294842
3083,MartialStatus,67.39252505148667
11024,MartialStatus,69.95972370226986
19191,MartialStatus,71.50008079353474
21324,DegreeBranch,80.20557557238364
8008,CurrentCompanyType,76.75628511850877
4570,EmpScore,74.95815424413614
2865,MartialStatus,71.43758136777825
17179,EmpScore,77.53502487050487
6817,DegreeBranch,75.49360919264534
2095,DegreeBranch,76.72014301941773
20431,EmpScore,77.57159079710907
15862,CurrentCompanyType,92.0410448595135
9455,CurrentCompanyType,91.61319241071644
12650,CurrentCompanyType,94.05816374400207
8841,DegreeBranch,82.45281643164668
23669,CurrentCompanyType,89.20049027172657
2115,MartialStatus,73.03768073667752
20424,CurrentCompanyType,88.04882264786471
23488,DegreeBranch,75.2847443338909
9226,EmpScore,75.65230866574962
21521,CurrentCompanyType,91.18753980334682
11673,MartialStatus,64.3361597572276
16835,LatestDegreeCGPA,77.16489633434256
12135,MartialStatus,59.596545042836624
5701,MartialStatus,75.8593031882006
8644,DegreeBranch,80.87067335174561
2261,LatestDegreeCGPA,73.69188175010737
18980,MartialStatus,61.07638719042061
12299,MartialStatus,66.63672938312884
3077,DegreeBranch,82.35010231615395
5795,MartialStatus,73.09224932811856
24215,MartialStatus,65.23942518703515
9524,LatestDegreeCGPA,77.83752544572476
18840,DegreeBranch,78.10590588905404
13291,MartialStatus,70.02423461321622
6649,MartialStatus,65.739681592492
22705,CurrentCompanyType,81.43847507284745
12308,DegreeBranch,79.81019841331202
22218,EmpScore,79.26360811622804
6190,LatestDegreeCGPA,73.27845787554327
9428,MartialStatus,71.68984042071912
22679,LatestDegreeCGPA,72.11545135147134
9562,MartialStatus,58.62670689637095
10421,CurrentCompanyType,90.27592039370485
12597,DegreeBranch,75.71463585205474
19696,NA,72.48156313697494
20635,EmpScore,79.26606473357343
17219,DegreeBranch,65.08951759517245
10613,MartialStatus,65.21749775724061
2612,DegreeBranch,75.85449835470757
8462,DegreeBranch,77.1109882000579
8685,EmpScore,84.3838334816293
22745,LatestDegreeCGPA,72.05258814281714
13023,MartialStatus,69.01629682901904
18526,MartialStatus,58.58960444854734
2663,MartialStatus,76.0828651580661
21401,DegreeBranch,79.50308401309303
15934,LatestDegreeCGPA,84.15119489747511
6780,NA,71.1352025186266
20246,LatestDegreeCGPA,87.49732616815915
23051,DegreeBranch,77.08192313996861
6703,CurrentCompanyType,87.68107386980118
6989,LatestDegreeCGPA,66.62153146209131
17272,MartialStatus,66.98659220918569
17783,EmpScore,81.04942968326364
22102,NA,74.25499625688477
12044,LatestDegreeCGPA,79.27088214103631
11499,LatestDegreeCGPA,76.44402443866053
15561,EmpScore,74.92223573042935
20360,DegreeBranch,82.21107399936098
19531,DegreeBranch,86.64700814090632
22610,MartialStatus,65.43349345520285
20227,CurrentCompanyType,77.56984871839425
14969,CurrentCompanyType,82.94356421843983
5546,DegreeBranch,74.39849752402196
7697,CurrentCompanyType,76.18031736678505
8376,DegreeBranch,84.4958703438956
9933,MartialStatus,64.30372383991417
21157,MartialStatus,69.9709145992465
21425,CurrentCompanyType,85.72960644301162
6542,CurrentCompanyType,76.73072251896565
3280,MartialStatus,55.69916976717472
14392,MartialStatus,67.53738299185316
4440,DegreeBranch,77.06460422498976
15037,LatestDegreeCGPA,80.72106613117808
22620,DegreeBranch,74.92726546328501
6433,MartialStatus,69.8687521262218
12586,DegreeBranch,79.25826845849966
16066,DegreeBranch,77.70763741674276
4541,DegreeBranch,77.00214017630158
15724,CurrentCompanyType,89.75433572133198
4568,MartialStatus,75.17076764647425
8125,CurrentCompanyType,79.00585995294506
7568,DegreeBranch,77.07977314123919
6075,MartialStatus,65.0996087220695
11361,MartialStatus,74.0162371810719
4767,MartialStatus,67.13415148189608
9141,MartialStatus,73.29296178996199
9984,CurrentCompanyType,80.89819215682652
9773,MartialStatus,68.23447038485891
12660,MartialStatus,69.10064310003726
16559,MartialStatus,69.99791815216155
3069,MartialStatus,68.09545113631481
7743,LatestDegreeCGPA,72.26120972457956
2280,EmpScore,79.54380877105494
19960,CurrentCompanyType,70.7017744925081
3516,LatestDegreeCGPA,78.76605835796636
17494,LatestDegreeCGPA,81.7532379669803
20162,MartialStatus,69.61436558774943
7877,MartialStatus,59.640302756153055
22328,EmpScore,80.58963916388184
8478,DegreeBranch,82.46158487286215
6483,DegreeBranch,78.84707375736888
10960,MartialStatus,71.41991960867479
2848,MartialStatus,70.19343438635926
11680,MartialStatus,70.09488273206374
14317,MartialStatus,65.81593262024084
9008,LatestDegreeCGPA,77.77685863462581
19917,LatestDegreeCGPA,73.02234634320371
8347,NA,71.80313360698534
9895,MartialStatus,66.69265570402831
18497,DegreeBranch,76.28507494211891
7039,CurrentCompanyType,86.12572775614996
10275,MartialStatus,64.41349096628913
4787,MartialStatus,62.392175590089934
10361,LatestDegreeCGPA,80.32302171604852
4447,DegreeBranch,84.30674917060853
17087,MartialStatus,70.70017928177202
6530,EmpScore,79.81197457531987
3349,MartialStatus,66.74333068236083
2251,MartialStatus,67.10783079720461
18007,EmpScore,82.25036669891247
11631,MartialStatus,69.8310145379377
22674,CurrentCompanyType,84.72165936739509
3887,DegreeBranch,74.99428647403559
6267,CurrentCompanyType,91.37576632138243
14293,MartialStatus,66.4334632153979
17666,LatestDegreeCGPA,89.30031761857998
18023,DegreeBranch,79.53351869425813
5792,CurrentCompanyType,93.37030946780794
12748,EmpScore,72.51345944361422
9546,CurrentCompanyType,77.6234260817691
5682,LatestDegreeCGPA,76.44353726862502
10453,NA,67.89885045510142
20392,DegreeBranch,81.81298316560846
20701,DegreeBranch,81.08941967385576
19035,DegreeBranch,81.85468100208732
9057,MartialStatus,65.13872602923057
15466,CurrentCompanyType,74.22319435940946
23266,CurrentCompanyType,70.77441907935
23629,LatestDegreeCGPA,78.20911584095178
23078,MartialStatus,63.84498552142134
5333,CurrentCompanyType,79.27538559347714
21456,CurrentCompanyType,75.51848484306109
21532,LatestDegreeCGPA,82.5033761206414
17803,MartialStatus,63.7410108819948
11438,LatestDegreeCGPA,80.42033855816247
19927,CurrentCompanyType,84.1772582250627
6500,MartialStatus,63.957454287375946
15038,LatestDegreeCGPA,83.60181857848764
10078,EmpScore,69.53652157436848
11992,CurrentCompanyType,80.11994145865958
5352,MartialStatus,64.95697937806962
9094,MartialStatus,58.271346240584876
13105,MartialStatus,63.27820077564115
21830,CurrentCompanyType,70.75726493089668
4554,DegreeBranch,73.89241174515786
5831,MartialStatus,70.85243294510016
14023,MartialStatus,77.8578031864288
19280,MartialStatus,67.59811949230917
3922,DegreeBranch,84.0185439701124
3210,DegreeBranch,81.8146235203268
8231,LatestDegreeCGPA,70.19267536821495
19027,DegreeBranch,75.06535544549163
23864,NA,73.58727937383911
13750,LatestDegreeCGPA,69.63785048038535
15308,LatestDegreeCGPA,75.62494473583351
12792,MartialStatus,64.77578167889587
8604,DegreeBranch,84.76504236364127
15422,CurrentCompanyType,81.81850781365662
19458,MartialStatus,70.54289738262932
11317,EmpScore,68.84224939653377
16390,DegreeBranch,81.59290267247123
20628,MartialStatus,66.8961578591109
9842,LatestDegreeCGPA,84.10324847158432
13124,LatestDegreeCGPA,77.94826349800718
21808,EmpScore,80.08980770256498
14928,LatestDegreeCGPA,86.2574955622841
17762,CurrentCompanyType,80.31716770541213
3266,DegreeBranch,84.95862701740623
11423,MartialStatus,69.02745336546599
19478,CurrentCompanyType,88.11184763046396
3690,CurrentCompanyType,88.94677899007678
14380,MartialStatus,68.06037360930677
6218,MartialStatus,61.422248319168986
19091,MartialStatus,63.838966634341666
20929,DegreeBranch,74.76952469916381
14199,CurrentCompanyType,83.19762191643407
20683,CurrentCompanyType,76.71997505611421
2031,DegreeBranch,75.11328636993568
14421,LatestDegreeCGPA,79.04328196660252
22815,MartialStatus,66.85744230175075
10411,MartialStatus,69.68860165190844
2407,EmpScore,82.07219322389648
21779,DegreeBranch,80.60557510078658
22522,CurrentCompanyType,78.9335899854039
11133,LatestDegreeCGPA,81.54285972163876
13685,MartialStatus,74.07033754092237
16443,DegreeBranch,78.80435456471113
20827,CurrentCompanyType,74.36916300974744
6117,DegreeBranch,75.56042842054231
17254,DegreeBranch,87.01714794102779
14012,DegreeBranch,79.85559563777136
19235,CurrentCompanyType,79.3195901108658
21920,DegreeBranch,76.62362435675954
11432,DegreeBranch,77.05730902742395
4301,MartialStatus,61.66855544841682
23417,DegreeBranch,80.90371145171238
4572,LatestDegreeCGPA,74.5937150207354
6137,DegreeBranch,75.8134625342342
12360,CurrentCompanyType,83.75185095305937
16322,CurrentCompanyType,89.40247100030368
17842,MartialStatus,72.83279657662827
2913,DegreeBranch,74.44004708592134
15482,NA,73.46613435498611
5194,CurrentCompanyType,87.25226341643135
13958,LatestDegreeCGPA,78.60522614046543
10705,MartialStatus,70.35031549097474
22082,CurrentCompanyType,90.55053144374537
14817,LatestDegreeCGPA,79.32232014248603
14674,LatestDegreeCGPA,78.38004501701127
8080,DegreeBranch,78.76611775822573
11286,MartialStatus,76.64859712879844
4211,MartialStatus,70.69934700503289
13305,CurrentCompanyType,74.72940374373553
17286,NA,61.95371508617338
16177,LatestDegreeCGPA,72.88702602757786
14135,CurrentCompanyType,73.24698603082062
8449,MartialStatus,60.296518452369675
16096,EmpScore,79.07344409141425
20652,DegreeBranch,79.05330858605625
8672,MartialStatus,77.4104993062061
15953,MartialStatus,68.21874729424715
11945,DegreeBranch,76.23760487324924
8817,DegreeBranch,79.6817548314144
21171,LatestDegreeCGPA,71.72534175616998
13106,CurrentCompanyType,85.55967726678796
23844,CurrentCompanyType,83.8400123250889
16371,DegreeBranch,80.86819478408611
19155,MartialStatus,66.02703914882203
21322,DegreeBranch,76.19876371523827
18510,CurrentCompanyType,84.1898774296215
23152,CurrentCompanyType,81.61344138215557
20795,MartialStatus,64.15002763195812
16011,LatestDegreeCGPA,69.99305366651068
2404,DegreeBranch,75.79507331342573
20569,DegreeBranch,83.089577944535
20706,DegreeBranch,78.49386052987559
8044,CurrentCompanyType,79.72734384620394
9762,DegreeBranch,83.78726223095137
15041,CurrentCompanyType,84.72528010036406
11197,MartialStatus,70.20135824034833
18353,CurrentCompanyType,90.12445145404013
7781,MartialStatus,59.37015212801983
21807,MartialStatus,66.47684934742976
15326,MartialStatus,63.877325896057144
9620,MartialStatus,71.19359672520831
7283,MartialStatus,71.90181174987427
20353,NA,71.46675255618305
19206,CurrentCompanyType,90.96475240446264
17854,CurrentCompanyType,85.91045911944266
8698,DegreeBranch,77.50431468624517
9817,MartialStatus,68.25490762882566
14113,DegreeBranch,77.27740084918307
15756,MartialStatus,74.95458029043276
2385,DegreeBranch,83.35267193825679
10221,DegreeBranch,78.12622972429897
17983,CurrentCompanyType,89.88130935093884
9093,CurrentCompanyType,88.57389281792896
21449,MartialStatus,58.096466920353585
19288,DegreeBranch,81.63228971900014
24346,CurrentCompanyType,81.11637027831159
21233,LatestDegreeCGPA,73.57801983007033
16970,LatestDegreeCGPA,80.46478288979294
8796,DegreeBranch,72.47153187243903
14553,LatestDegreeCGPA,70.02620646588474
23016,CurrentCompanyType,89.67291727797888
4292,CurrentCompanyType,77.45050874184213
18439,DegreeBranch,80.05673327218122
14032,LatestDegreeCGPA,77.35783212320149
18410,MartialStatus,65.93812754702513
23375,MartialStatus,70.89844678602108
19649,LatestDegreeCGPA,80.56841803142862
20084,DegreeBranch,78.58482285783228
19086,DegreeBranch,78.53060138883592
11272,DegreeBranch,75.9037447799524
23247,DegreeBranch,77.99620919171629
3778,MartialStatus,72.80006165037994
13785,MartialStatus,66.46836732843109
2959,NA,74.61652808919524
7531,LatestDegreeCGPA,77.89231904381114
20639,DegreeBranch,81.7136449955228
6622,MartialStatus,54.813715583448364
2365,DegreeBranch,79.05580692521258
22393,LatestDegreeCGPA,76.26219693126006
17727,MartialStatus,72.13844645508966
9294,MartialStatus,72.59868780706404
23226,CurrentCompanyType,90.07804343620865
22419,CurrentCompanyType,82.59640997082658
5859,DegreeBranch,77.38059640718873
9045,MartialStatus,68.66144229817893
3994,DegreeBranch,82.0132294582568
11816,MartialStatus,66.18661183279242
10462,NA,74.62178585069893
13052,MartialStatus,63.544309743956724
15741,NA,67.77256250915708
12049,MartialStatus,58.186997748686395
4455,MartialStatus,66.66470724264279
16464,MartialStatus,67.55463847300518
6877,LatestDegreeCGPA,78.35624191017803
21510,CurrentCompanyType,87.51538476350122
23075,DegreeBranch,78.66900315949161
13674,MartialStatus,71.54501115349032
5479,MartialStatus,65.95477211078021
3966,LatestDegreeCGPA,80.77030794042295
5641,NA,65.12199902485366
7699,LatestDegreeCGPA,80.29336134000512
7374,LatestDegreeCGPA,71.88435197858469
13133,DegreeBranch,84.37470785338253
11531,MartialStatus,69.09689622063357
10880,CurrentCompanyType,77.11756567462197
17500,MartialStatus,74.98849761777086
16829,CurrentCompanyType,83.87618479878259
15002,DegreeBranch,74.79873824237029
15054,DegreeBranch,77.04204103517493
11553,MartialStatus,72.46262456731887
17470,DegreeBranch,70.42906665949461
8429,EmpScore,77.09402776449
15320,CurrentCompanyType,91.48946094968723
5392,DegreeBranch,82.38824745993911
9009,CurrentCompanyType,88.59415723062452
20589,DegreeBranch,79.59827120794694
5409,DegreeBranch,71.23581263338667
3802,DegreeBranch,79.53208505987479
8998,DegreeBranch,78.80378629922181
14306,CurrentCompanyType,88.58034264413612
15197,DegreeBranch,83.3459856896799
8006,CurrentCompanyType,87.15239598159349
11274,MartialStatus,69.29569095132065
9996,MartialStatus,69.78600215081566
17252,MartialStatus,69.82352858946317
22390,LatestDegreeCGPA,74.79005710894108
14823,MartialStatus,68.3825058337366
13517,CurrentCompanyType,76.60463124794995
13993,CurrentCompanyType,88.88222796355089
8139,MartialStatus,71.13973064410553
2475,MartialStatus,66.62871738556608
10091,CurrentCompanyType,75.00774171751404
20029,LatestDegreeCGPA,78.3576778819634
19026,DegreeBranch,80.37663283242182
11986,MartialStatus,60.16179372871524
9136,MartialStatus,66.43127968581165
15960,DegreeBranch,78.97236073901401
13003,MartialStatus,67.10462053538942
6477,DegreeBranch,75.10957403738497
10887,MartialStatus,65.65976591394114
13068,EmpScore,71.12504670713665
7527,CurrentCompanyType,81.12971048756545
19880,MartialStatus,79.18414362454803
23023,EmpScore,82.48860696171658
8972,DegreeBranch,84.4192617961937
8592,DegreeBranch,74.7021430024959
11790,MartialStatus,63.84470596797973
24007,DegreeBranch,78.34834841129121
20576,LatestDegreeCGPA,77.20147103274141
18008,DegreeBranch,87.38717149587404
16380,EmpScore,75.50675449136011
15142,MartialStatus,62.404323519234545
19279,DegreeBranch,83.27213842704616
6553,MartialStatus,65.8044489963432
9971,CurrentCompanyType,87.3888743973634
9281,MartialStatus,67.55701483648544
14840,DegreeBranch,75.10876829002603
11489,MartialStatus,68.35879830917074
10435,MartialStatus,62.735163101027034
19532,DegreeBranch,76.845310091068
7080,DegreeBranch,76.47471803219563
14158,EmpScore,82.56915399650013
20651,MartialStatus,73.48544895047641
10471,CurrentCompanyType,92.06999956768789
13069,MartialStatus,62.6304682285041
13005,CurrentCompanyType,88.48081485052654
13074,DegreeBranch,81.64671414934949
7810,DegreeBranch,77.8326030971911
6379,MartialStatus,65.1092641181412
18331,NA,69.80676339802456
6233,MartialStatus,62.67851839590067
13057,CurrentCompanyType,72.86531623857985
21986,LatestDegreeCGPA,77.4150482582626
7681,MartialStatus,63.40323325043046
21851,EmpScore,73.97310523357334
11567,MartialStatus,68.44183161471668
18887,EmpScore,77.58956326535994
14257,MartialStatus,65.13156745358059
7728,MartialStatus,70.56370469250027
12298,CurrentCompanyType,79.00328901828125
4023,MartialStatus,73.25347988874768
23086,DegreeBranch,84.3991611416219
9688,MartialStatus,74.53381416941734
16395,CurrentCompanyType,76.6234036630559
12331,DegreeBranch,75.40342984294423
22752,CurrentCompanyType,87.37506992508241
4407,NA,73.13351016592742
16142,MartialStatus,73.57029576448788
4938,DegreeBranch,74.81371639553888
23590,MartialStatus,62.972439090683864
15522,MartialStatus,74.66640510083471
10058,LatestDegreeCGPA,73.42043326587007
6280,LatestDegreeCGPA,73.43990582413632
18102,DegreeBranch,83.62303063329095
13229,LatestDegreeCGPA,69.13084746041677
12765,DegreeBranch,87.8679717679999
3777,CurrentCompanyType,79.10443635376755
18897,MartialStatus,72.94224826462647
3947,CurrentCompanyType,91.57607688641204
11604,LatestDegreeCGPA,66.81997140942812
11387,CurrentCompanyType,86.34425066154341
17192,CurrentCompanyType,76.46056492202439
2078,DegreeBranch,86.14652685753967
24306,LatestDegreeCGPA,74.13334202184171
20624,MartialStatus,72.30785979482849
4673,CurrentCompanyType,77.56903867931129
19435,MartialStatus,65.41307991797387
23202,MartialStatus,58.39660733005795
14058,MartialStatus,68.67669797805083
12207,DegreeBranch,82.03960931977153
18493,CurrentCompanyType,77.49183897314259
22763,CurrentCompanyType,82.72886375897421
3337,DegreeBranch,77.04605602831948
8511,MartialStatus,66.23379145954722
7225,MartialStatus,63.59095390698347
4442,LatestDegreeCGPA,77.39700991197854
8155,DegreeBranch,81.21783004857332
9198,MartialStatus,55.852669031302035
3614,CurrentCompanyType,78.15490740288097
11156,DegreeBranch,78.67045398542534
20430,DegreeBranch,76.21947868438342
20979,MartialStatus,67.90301601070311
23129,DegreeBranch,74.44397035499097
2419,MartialStatus,67.33330513364412
4920,CurrentCompanyType,84.79327733947031
22741,DegreeBranch,82.05282655954203
18571,MartialStatus,67.64166967959395
6414,DegreeBranch,79.04727612987715
20520,CurrentCompanyType,87.20009267114969
2337,DegreeBranch,82.9655240744188
19817,CurrentCompanyType,91.83506705870941
22004,CurrentCompanyType,89.59837833771176
17249,HighestDegree,73.04444887353179
6203,DegreeBranch,81.04098197076496
8851,CurrentCompanyType,83.99002779066464
2927,DegreeBranch,80.73748564655622
7251,LatestDegreeCGPA,76.76053263165512
20876,CurrentCompanyType,86.1456896554137
13802,DegreeBranch,71.89026822114138
9131,LatestDegreeCGPA,79.44643595663814
5404,LatestDegreeCGPA,80.23743421559887
16934,MartialStatus,72.09376468835828
21848,CurrentCompanyType,83.5032733495625
3447,CurrentCompanyType,85.18816926710404
5864,LatestDegreeCGPA,85.71346748129393
20136,DegreeBranch,73.75477771858709
20123,DegreeBranch,72.04128642930027
10302,MartialStatus,70.443965032155
9164,DegreeBranch,73.62566962125034
6820,DegreeBranch,82.01648652319194
3983,CurrentCompanyType,83.52156030526486
18581,CurrentCompanyType,89.2719790527213
12443,DegreeBranch,80.96313499037117
15496,MartialStatus,65.67968376526643
5728,CurrentCompanyType,89.3277803572541
5513,EmpScore,80.97963016221317
23184,MartialStatus,66.87163440094386
9805,MartialStatus,74.77157023159543
22460,MartialStatus,73.27704436348544
11544,DegreeBranch,82.12815876632109
10015,MartialStatus,64.35572247805922
14858,MartialStatus,67.87909937495688
4519,DegreeBranch,76.58093018507064
19124,CurrentCompanyType,75.58430092639824
12256,CurrentCompanyType,74.86520832135646
9434,LatestDegreeCGPA,72.99959175516261
13256,MartialStatus,59.63444380998544
5669,EmpScore,80.60713460957544
5017,LatestDegreeCGPA,67.80364746030186
9250,MartialStatus,63.126572500592765
22996,DegreeBranch,82.44483423123405
4126,NA,68.0250314581044
23117,DegreeBranch,81.42497158460284
7488,DegreeBranch,81.84706201619908
19261,CurrentCompanyType,90.61442816171015
19688,DegreeBranch,76.34791477025344
5603,DegreeBranch,73.8445007982159
20627,MartialStatus,65.24874026852443
8301,MartialStatus,69.26416282493979
5159,MartialStatus,69.3080098403235
2816,EmpScore,75.43067435027157
7882,DegreeBranch,81.5893100501011
12581,DegreeBranch,82.30405745205262
13615,DegreeBranch,81.17816612060518
8435,CurrentCompanyType,88.66555301432898
4094,MartialStatus,67.71055387288352
11517,NA,68.88841905253777
20656,MartialStatus,72.21157045941598
11585,DegreeBranch,83.08770189920776
4144,DegreeBranch,83.4550223478402
23573,MartialStatus,73.71073409275078
9107,MartialStatus,74.2135005483847
17722,MartialStatus,60.32203803118228
18114,DegreeBranch,78.99287968096186
2767,DegreeBranch,73.5145691111025
13823,CurrentCompanyType,80.46869611876588
6647,CurrentCompanyType,86.13403624956698
12882,MartialStatus,65.79527723597616
2636,LatestDegreeCGPA,92.12052859097993
3600,DegreeBranch,81.85888405153577
10877,DegreeBranch,75.52604766343889
7014,CurrentCompanyType,78.57698425417622
23701,MartialStatus,60.12739678995434
10780,DegreeBranch,77.22482620012235
11162,DegreeBranch,81.27129244059321
12495,LatestDegreeCGPA,71.35822699031043
16086,DegreeBranch,85.07143560031047
20081,DegreeBranch,80.52083394712709
11055,MartialStatus,65.3588481216767
12072,DegreeBranch,74.80209713389165
16737,EmpScore,77.45263356719472
23197,MartialStatus,68.26420900044937
3594,LatestDegreeCGPA,80.77130051981445
13853,MartialStatus,66.82906775399232
16543,DegreeBranch,71.93282882953677
15987,DegreeBranch,75.75505395062748
11047,MartialStatus,69.8681385049336
10615,MartialStatus,62.59733573064984
17967,LatestDegreeCGPA,78.3473039036334
13769,CurrentCompanyType,85.04686456806178
21397,LatestDegreeCGPA,75.62248935440049
19648,LatestDegreeCGPA,72.84794842611805
16668,DegreeBranch,75.76420765047213
23451,MartialStatus,68.12408186301262
24204,LatestDegreeCGPA,71.67462337406316
20482,MartialStatus,66.66682535590687
14629,DegreeBranch,78.54556421037069
10740,CurrentCompanyType,73.3204608256097
9698,DegreeBranch,81.66593594355379
10854,CurrentCompanyType,85.34366054891706
12228,DegreeBranch,78.61387656585168
21678,MartialStatus,70.74758692469928
15290,CurrentCompanyType,90.13186917018925
6758,EmpScore,64.37852081137862
10197,DegreeBranch,80.06705600871491
21201,NA,67.29494078087198
17248,MartialStatus,65.12976481894637
8748,DegreeBranch,81.46555984633133
14110,MartialStatus,67.14490101141519
23229,CurrentCompanyType,74.11303249481782
22693,DegreeBranch,80.13706514764607
9263,CurrentCompanyType,78.76527968009404
19077,DegreeBranch,81.90955441863352
13197,MartialStatus,64.84489832996694
5933,CurrentCompanyType,75.50236423136204
6939,CurrentCompanyType,89.96339633688109
2832,MartialStatus,71.28179751072064
24320,CurrentCompanyType,76.76252863004191
13230,NA,74.23019912908556
20869,MartialStatus,66.22298868477694
13826,MartialStatus,68.41185108511311
21359,DegreeBranch,82.32106783016525
3953,DegreeBranch,78.74806206327519
16936,MartialStatus,71.7257108665398
23140,CurrentCompanyType,81.81515437368695
15139,DegreeBranch,83.55799601805717
18547,MartialStatus,74.2342545504433
9875,EmpScore,74.57393939597438
13329,CurrentCompanyType,87.56518688756007
13652,MartialStatus,71.42366783567283
6930,DegreeBranch,74.90313167038522
18825,CurrentCompanyType,77.41608391826642
6858,CurrentCompanyType,81.64793564801334
12132,MartialStatus,66.49377934148713
18542,MartialStatus,70.29210202669563
22864,LatestDegreeCGPA,74.99451357597525
3755,CurrentCompanyType,80.32214757714372
9313,DegreeBranch,79.8067855482352
21545,MartialStatus,64.63911523365921
5642,CurrentCompanyType,77.6373428070755
19140,EmpScore,80.87147940271007
21032,MartialStatus,75.15677601746985
11291,LatestDegreeCGPA,81.16662113040621
13419,DegreeBranch,71.6415609717923
7589,MartialStatus,71.88078890373562
3913,CurrentCompanyType,86.45338088883406
10661,CurrentCompanyType,89.3919559731003
12689,LatestDegreeCGPA,74.53980653717574
8217,DegreeBranch,83.53534810686685
19269,MartialStatus,72.83117843387748
6002,DegreeBranch,77.59870378388686
8645,DegreeBranch,75.75696984608533
13335,LatestDegreeCGPA,70.84094203341577
10223,LatestDegreeCGPA,77.2886975715942
19434,MartialStatus,62.332888690118395
17184,CurrentCompanyType,79.39769476540924
10002,NA,75.13785464751422
5592,DegreeBranch,74.59478001827557
22805,MartialStatus,70.62161671788708
6253,DegreeBranch,79.00155740980665
11953,DegreeBranch,80.92324019382585
2589,CurrentCompanyType,88.03341901591797
8528,LatestDegreeCGPA,78.96918492324708
5286,NA,72.14531721701816
14015,MartialStatus,69.76405460234797
20189,MartialStatus,72.80983115609071
19684,CurrentCompanyType,73.02473571157218
5336,CurrentCompanyType,71.86672250128888
3155,CurrentCompanyType,73.11502934925034
14935,DegreeBranch,79.13084609358947
13084,MartialStatus,67.83768786754672
9060,MartialStatus,69.00845801620093
11238,DegreeBranch,78.54550615727788
5468,CurrentCompanyType,91.22083117932755
16103,DegreeBranch,75.73279116742897
21303,MartialStatus,66.7277158253247
4445,LatestDegreeCGPA,78.76635078590638
14555,MartialStatus,64.67695138088251
14366,MartialStatus,63.80334322618484
11298,MartialStatus,65.62606688367146
5388,MartialStatus,65.79775029008894
24101,NA,63.082351268119936
16038,MartialStatus,71.58576996287549
10682,MartialStatus,65.87009471311856
22498,DegreeBranch,73.59746768469897
19039,DegreeBranch,83.96607013459318
18179,MartialStatus,57.2528825516664
13967,MartialStatus,67.22587617884659
8458,DegreeBranch,74.76227823445583
6604,MartialStatus,68.26890249334595
5401,LatestDegreeCGPA,74.66035199031018
21036,CurrentCompanyType,78.48377241261723
14213,CurrentCompanyType,88.00342096265649
19267,CurrentCompanyType,93.78686309705292
20922,LatestDegreeCGPA,73.79833503118883
15349,CurrentCompanyType,88.28844395670777
19832,DegreeBranch,85.86604489917184
14405,LatestDegreeCGPA,66.08776273990509
17919,LatestDegreeCGPA,79.93740193746187
20204,MartialStatus,64.01844447242564
11410,MartialStatus,62.08548530109242
22467,LatestDegreeCGPA,84.71431059018107
21719,LatestDegreeCGPA,86.85986173318535
15677,LatestDegreeCGPA,81.2600920554658
14829,DegreeBranch,78.68218426592105
23558,EmpScore,80.7332229692993
14029,CurrentCompanyType,82.99908883682559
23793,DegreeBranch,76.52029494486585
9019,CurrentCompanyType,78.63045398640355
18502,MartialStatus,67.57476149334933
17132,DegreeBranch,79.78022968626084
7990,DegreeBranch,79.09851622111591
7027,NA,72.84301461534983
7383,LatestDegreeCGPA,76.93617283821229
7111,MartialStatus,70.9551220345046
5740,CurrentCompanyType,92.47911606548438
8142,LatestDegreeCGPA,74.7955189491066
8252,CurrentCompanyType,89.41379343346472
12176,DegreeBranch,80.73848311636016
11331,CurrentCompanyType,78.46121182724994
15585,DegreeBranch,79.46722067317495
8981,CurrentCompanyType,84.50468905093942
8637,NA,74.64120085889013
8985,CurrentCompanyType,83.63565601349204
17043,DegreeBranch,73.88045454486408
7866,DegreeBranch,81.02852645429869
4641,LatestDegreeCGPA,69.33883444144813
4076,MartialStatus,57.83556281168513
5489,EmpScore,69.94542763952656
3247,LatestDegreeCGPA,83.38959316139139
2952,NA,69.56227449801469
13585,DegreeBranch,83.9574804966079
18103,MartialStatus,68.86519059108656
3124,CurrentCompanyType,83.47396263623077
7668,CurrentCompanyType,77.70186213269622
16654,CurrentCompanyType,85.0137267461156
9361,CurrentCompanyType,84.8661044494478
22315,MartialStatus,68.97982617820134
18688,DegreeBranch,83.34733824157301
3773,DegreeBranch,81.24073456179849
2072,LatestDegreeCGPA,73.57430791381393
8499,DegreeBranch,73.88993649197471
10260,MartialStatus,70.73608131113198
6256,MartialStatus,75.56595031896751
20570,MartialStatus,65.28398461509468
6748,DegreeBranch,79.10024284333088
3058,LatestDegreeCGPA,76.76764005242855
9355,LatestDegreeCGPA,90.17082462565516
19953,DegreeBranch,79.44246468875548
23946,MartialStatus,63.287708818469994
23124,EmpScore,74.21367424024749
22443,NA,71.44386867265405
15571,MartialStatus,55.77002804518012
21992,DegreeBranch,80.97243586959401
17789,MartialStatus,66.85199075703453
23233,DegreeBranch,75.51887200503602
14401,MartialStatus,71.13433008621551
4574,DegreeBranch,76.14638956098582
6773,MartialStatus,70.29647134366246
3507,DegreeBranch,72.2658711190104
9920,CurrentCompanyType,74.13556580783077
4471,MartialStatus,71.1661289846828
21473,DegreeBranch,78.31227958940417
7461,DegreeBranch,73.17243631511798
17329,EmpScore,79.59091629399396
22086,DegreeBranch,85.447390450803
18249,DegreeBranch,84.61165694910976
7281,DegreeBranch,75.69141269976839
4057,CurrentCompanyType,90.83013937481051
11583,MartialStatus,70.92324410169356
9958,MartialStatus,64.41287286805053
18362,LatestDegreeCGPA,79.2493712056689
3548,LatestDegreeCGPA,78.68996399966487
7424,LatestDegreeCGPA,78.72229088913448
2954,CurrentCompanyType,89.20249192743923
16845,MartialStatus,71.97139421178719
8778,DegreeBranch,80.64624610437738
10072,CurrentCompanyType,90.24446840434915
7404,CurrentCompanyType,87.0774082513506
13656,CurrentCompanyType,74.17694562830869
2745,DegreeBranch,78.02144535965739
17729,DegreeBranch,76.85111384632052
13898,LatestDegreeCGPA,73.07988142321065
24122,MartialStatus,68.1881883637619
3555,DegreeBranch,79.18908072980452
2038,MartialStatus,62.1556651808892
22265,LatestDegreeCGPA,80.6109795027619
17796,LatestDegreeCGPA,81.19167303620404
10531,DegreeBranch,73.17069820997537
13049,DegreeBranch,80.25955862463452
19049,CurrentCompanyType,71.04372522039148
22615,MartialStatus,65.29157766445664
3096,MartialStatus,71.0210135992162
19709,LatestDegreeCGPA,65.36158073078543
18196,MartialStatus,59.74881980962472
19062,MartialStatus,62.06840062657076
22704,DegreeBranch,75.3017097309058
6177,DegreeBranch,77.88629763329484
10586,LatestDegreeCGPA,69.00632054068453
19492,CurrentCompanyType,91.71559016941691
7372,MartialStatus,67.82691825283415
23740,CurrentCompanyType,90.28108072259388
12350,MartialStatus,71.02743178327385
6395,MartialStatus,68.90521330398717
23530,LatestDegreeCGPA,81.73858684664798
4875,MartialStatus,63.27397851792901
15849,CurrentCompanyType,77.22579556139306
15743,DegreeBranch,78.14351866846687
14244,MartialStatus,65.73709197822353
17820,LatestDegreeCGPA,76.00596697780128
5576,MartialStatus,70.5625640412569
15487,MartialStatus,75.09271610676348
15069,DegreeBranch,78.12733771058484
19094,MartialStatus,68.7194659853323
20040,MartialStatus,66.60665738892833
5929,MartialStatus,71.53067853935181
6216,MartialStatus,65.45336843501542
5258,MartialStatus,71.03014752189385
23483,MartialStatus,68.95063543375394
18159,DegreeBranch,82.83637212365406
3296,CurrentCompanyType,79.00278699322615
3990,CurrentCompanyType,88.540493454238
22109,DegreeBranch,81.16375530950441
8459,MartialStatus,67.04599698604568
6700,DegreeBranch,80.89569778165657
11294,DegreeBranch,77.157432854928
8066,MartialStatus,72.56259228733003
7648,EmpScore,72.83758222049124
8926,MartialStatus,70.68883513062684
3279,MartialStatus,69.25627713588486
11572,MartialStatus,73.04814807900566
22982,LatestDegreeCGPA,67.82764385125445
13306,CurrentCompanyType,75.5094883702062
11279,DegreeBranch,74.92300976486294
24240,DegreeBranch,84.17088488005834
2687,CurrentCompanyType,79.81006075035683
2968,DegreeBranch,78.62436552700916
10860,EmpScore,80.70153945035686
17010,CurrentCompanyType,86.36420531899844
15111,CurrentCompanyType,71.9796069740339
17846,LatestDegreeCGPA,68.87250479844178
14519,LatestDegreeCGPA,85.18718237886776
19694,MartialStatus,68.30582030154056
14981,DegreeBranch,84.50331799920252
21845,MartialStatus,69.10671357721496
12691,CurrentCompanyType,73.31687321575711
4382,DegreeBranch,81.31926515557228
9687,CurrentCompanyType,78.91645648934706
2548,MartialStatus,72.27037936097678
22707,MartialStatus,58.586736975060155
19085,MartialStatus,61.88921956408507
23223,LatestDegreeCGPA,79.32637464122281
16972,CurrentCompanyType,76.82756480825827
9180,DegreeBranch,81.06221290954802
20942,DegreeBranch,78.91147558543693
19627,LatestDegreeCGPA,74.635376545132
19426,CurrentCompanyType,90.55397808221983
20196,CurrentCompanyType,78.36356903659733
16440,LatestDegreeCGPA,83.01706541805922
13226,CurrentCompanyType,92.36348522430433
5959,CurrentCompanyType,84.20385382688949
22158,DegreeBranch,78.23434767170811
14347,DegreeBranch,82.84145348635842
14394,CurrentCompanyType,87.74105697536078
4487,MartialStatus,70.6708440086286
6663,CurrentCompanyType,83.28156717033987
18162,MartialStatus,70.69765557955337
4948,DegreeBranch,77.28192521468657
9260,CurrentCompanyType,91.2295774979963
5511,CurrentCompanyType,76.7021171525579
21179,MartialStatus,63.04285678788593
14351,LatestDegreeCGPA,65.88344353596933
4877,MartialStatus,64.62233953832697
13324,MartialStatus,66.98938464412633
11479,DegreeBranch,74.94810919201214
5721,CurrentCompanyType,85.98320098901598
5790,MartialStatus,69.03265956389673
11154,MartialStatus,79.36830777525999
21186,MartialStatus,65.47248691790269
10938,EmpScore,82.3322568259093
13527,DegreeBranch,82.08918365074798
17351,DegreeBranch,75.09367054215042
23500,LatestDegreeCGPA,87.45865352167063
21915,CurrentCompanyType,75.67468726841597
23634,MartialStatus,70.64845238482675
12993,MartialStatus,64.08568722601572
19232,MartialStatus,65.51770355740122
5361,DegreeBranch,74.77122482423772
20221,CurrentCompanyType,76.94870871731526
14319,MartialStatus,72.41149814903214
23416,CurrentCompanyType,89.39812298492257
8811,EmpScore,76.26893560720399
9372,CurrentCompanyType,85.82203957338852
22050,EmpScore,76.39514635129107
5703,MartialStatus,68.98425923669656
2347,MartialStatus,70.1126245338868
17946,MartialStatus,67.23502891156858
4433,LatestDegreeCGPA,68.25183077781368
3955,MartialStatus,65.40874220256497
9617,MartialStatus,63.42474494005524
20370,MartialStatus,63.320701278324115
9925,CurrentCompanyType,86.52411034634454
2263,CurrentCompanyType,81.33385184357968
10566,DegreeBranch,76.70382583488286
11689,MartialStatus,66.80558939564396
14690,DegreeBranch,78.35366281188021
16436,MartialStatus,69.30801218000497
10053,LatestDegreeCGPA,80.31831904794927
21207,LatestDegreeCGPA,82.41334506763272
13464,CurrentCompanyType,87.68650958971365
11343,MartialStatus,53.759039174960826
2765,CurrentCompanyType,72.9484389557991
10465,CurrentCompanyType,86.26897342336991
6180,CurrentCompanyType,74.46365452973183
6763,CurrentCompanyType,72.53602336604818
19460,CurrentCompanyType,89.61056309323592
6447,EmpScore,83.4823745488424
21239,CurrentCompanyType,72.0493091678836
20761,MartialStatus,69.84078887737178
23013,DegreeBranch,77.41801374053425
10739,DegreeBranch,77.01842761702926
13923,DegreeBranch,74.84384275183388
14094,DegreeBranch,77.12939359634164
19297,LatestDegreeCGPA,75.00764614652874
15583,LatestDegreeCGPA,73.8197688500561
9171,LatestDegreeCGPA,74.32900497013651
4713,DegreeBranch,75.69419924404293
16611,MartialStatus,71.34970943002233
22253,MartialStatus,72.54339902000993
20152,MartialStatus,58.93329861114657
16924,CurrentCompanyType,73.43128578360324
16670,DegreeBranch,81.57850957404997
9229,EmpScore,79.5839933878379
24050,DegreeBranch,79.27240371951629
8115,MartialStatus,64.42743566725736
22251,DegreeBranch,78.91932441520936
22825,DegreeBranch,71.27873452720189
16877,MartialStatus,68.18688209676515
12652,MartialStatus,59.02828553640835
18104,DegreeBranch,74.29251702414405
12141,LatestDegreeCGPA,73.07862075764623
19547,CurrentCompanyType,83.92883148863095
4137,CurrentCompanyType,75.31682297635626
15674,LatestDegreeCGPA,76.48584080988466
22008,CurrentCompanyType,76.6659018101356
5273,DegreeBranch,77.19677818353284
24388,LatestDegreeCGPA,73.96743265437131
10778,DegreeBranch,74.59294792159189
2555,MartialStatus,63.135068546434
11791,LatestDegreeCGPA,79.83050821259492
9989,EmpScore,68.77677651549233
6226,CurrentCompanyType,76.51961219652742
22095,MartialStatus,74.06365212257366
10704,MartialStatus,63.8653100769206
13626,MartialStatus,68.38161532395503
4749,LatestDegreeCGPA,78.7061098653261
22501,MartialStatus,68.75025521979825
19875,NA,73.59220904774386
11016,DegreeBranch,78.70168802364549
8579,MartialStatus,58.260949400700454
6001,NA,71.78462287031459
12800,LatestDegreeCGPA,74.8621072342612
17763,CurrentCompanyType,78.56950924883498
18412,CurrentCompanyType,81.08018864950546
8303,MartialStatus,72.40039111162291
5746,MartialStatus,63.22436613667057
12400,MartialStatus,70.09202093680942
9555,MartialStatus,62.352433215288734
10610,MartialStatus,71.56380246304434
22293,LatestDegreeCGPA,89.85610679933701
5248,MartialStatus,58.69711755554297
19300,CurrentCompanyType,88.18589695941483
17575,MartialStatus,72.5140062429024
9407,DegreeBranch,78.77651189493992
18759,NA,72.37308563212011
9764,CurrentCompanyType,89.05185593027058
17226,CurrentCompanyType,85.66433516601009
3164,MartialStatus,70.60822269645323
19119,CurrentCompanyType,79.59999757084374
8702,CurrentCompanyType,76.64416001189016
16000,CurrentCompanyType,88.03802399967236
15019,MartialStatus,69.869154848271
16456,CurrentCompanyType,82.55704682877621
4273,MartialStatus,67.01367881039835
7686,LatestDegreeCGPA,71.43053275133012
16047,MartialStatus,65.28992470797817
17175,DegreeBranch,76.42020945185078
14765,MartialStatus,67.69926599106371
14699,DegreeBranch,83.47960722148517
3786,NA,71.76076788248017
18853,DegreeBranch,82.43262538237123
22696,EmpScore,77.24516678831311
9189,MartialStatus,67.5035913338774
8900,LatestDegreeCGPA,69.63450730959467
19000,DegreeBranch,76.96330292802021
6387,MartialStatus,66.61128319013513
3260,MartialStatus,62.70139056693294
14322,LatestDegreeCGPA,75.69442495245298
2276,DegreeBranch,81.1081419898639
18338,MartialStatus,58.41443162369841
6224,EmpScore,75.38331877809235
11952,LatestDegreeCGPA,87.61462117968546
13178,CurrentCompanyType,87.46658144716179
24099,MartialStatus,71.09490224818953
7596,CurrentCompanyType,77.64108576027743
5500,NA,73.32707083618813
12339,CurrentCompanyType,84.74347314411443
16423,MartialStatus,63.91524032207201
21139,DegreeBranch,81.06248403494934
5067,DegreeBranch,81.8119935719503
17250,CurrentCompanyType,81.12847926097976
6498,DegreeBranch,76.66106275001198
10858,DegreeBranch,79.15871767743126
11602,LatestDegreeCGPA,71.69366830845172
24079,DegreeBranch,80.47766394232525
22509,DegreeBranch,81.94424161464167
18519,MartialStatus,67.20559575404643
19771,LatestDegreeCGPA,82.18428170235508
20987,LatestDegreeCGPA,84.23792376930885
18760,MartialStatus,75.69350745795882
14660,CurrentCompanyType,90.07194038406637
19909,CurrentCompanyType,77.54364891405406
10963,MartialStatus,65.07144434042999
2977,LatestDegreeCGPA,81.2552051120725
3201,CurrentCompanyType,72.92533576429858
17996,MartialStatus,70.12334710810181
12827,LatestDegreeCGPA,78.78752302177344
15601,DegreeBranch,80.39716993674355
6181,DegreeBranch,80.38225469814333
21503,MartialStatus,71.49133392719261
20678,NA,68.33392468335227
7321,LatestDegreeCGPA,82.86055837132777
20934,LatestDegreeCGPA,71.17047141978813
21791,LatestDegreeCGPA,80.56136067057014
2903,LatestDegreeCGPA,67.8886172455536
16472,MartialStatus,72.03609797036972
14356,EmpScore,80.37664655096529
6210,MartialStatus,68.92825378251341
2463,CurrentCompanyType,86.72011043826082
23012,MartialStatus,58.99213603254251
2744,CurrentCompanyType,81.76929948465434
22592,DegreeBranch,81.15332743128292
16807,CurrentCompanyType,74.60316802773572
17225,CurrentCompanyType,94.1518147371971
6701,DegreeBranch,82.61315303973996
5010,MartialStatus,69.41186026231019
3081,DegreeBranch,81.5874821800559
3209,CurrentCompanyType,89.01719097290453
19891,DegreeBranch,75.31800895189278
22023,DegreeBranch,79.5676769839854
15415,DegreeBranch,80.3699325952014
10530,DegreeBranch,82.74655312743197
21396,NA,69.27874944864756
9551,LatestDegreeCGPA,71.94411479812183
23574,DegreeBranch,74.16176796779624
21394,DegreeBranch,78.57876029155425
3623,MartialStatus,71.64118066357258
15196,EmpScore,72.88322132830481
19034,CurrentCompanyType,87.9467393100165
20873,CurrentCompanyType,90.62673750356073
15030,DegreeBranch,75.72793180142395
2999,EmpScore,83.21052589092935
7255,MartialStatus,67.43935471588732
2870,LatestDegreeCGPA,74.49835275468367
20285,MartialStatus,67.51201906548626
22457,MartialStatus,64.88064069857955
20615,MartialStatus,56.46018184965875
13723,MartialStatus,67.07925321788724
8198,LatestDegreeCGPA,77.33668965497664
7660,MartialStatus,70.48068016431012
15271,MartialStatus,69.9596275270191
5476,LatestDegreeCGPA,69.79523560697909
4906,CurrentCompanyType,84.69978282254627
24312,DegreeBranch,82.59290466673717
15461,LatestDegreeCGPA,74.79226653013541
2988,MartialStatus,68.65021831363606
6608,CurrentCompanyType,79.27509921703492
8087,DegreeBranch,75.09937687204607
4147,CurrentCompanyType,90.24678375454883
2864,CurrentCompanyType,75.77013984882565
22613,CurrentCompanyType,86.57950856580632
16049,DegreeBranch,72.27992610245619
16484,DegreeBranch,79.7554216442981
23538,LatestDegreeCGPA,73.86889280283866
22026,DegreeBranch,73.30853002577047
19844,CurrentCompanyType,90.77765803583787
19442,LatestDegreeCGPA,68.35466716124552
16033,MartialStatus,67.24215850081166
12986,DegreeBranch,75.80577714230733
19290,MartialStatus,75.48815573679019
15783,MartialStatus,58.089511179452586
10378,CurrentCompanyType,87.71867064252777
4203,EmpScore,78.77815784554187
11243,DegreeBranch,82.43752562334375
22070,DegreeBranch,78.06326304813241
2686,MartialStatus,62.456423442101105
16581,CurrentCompanyType,86.40237684923346
11882,CurrentCompanyType,89.81125824568902
17027,MartialStatus,64.36969361744454
9297,MartialStatus,67.98819182404449
5891,CurrentCompanyType,89.1265549034029
14211,MartialStatus,60.58857566804826
3946,LatestDegreeCGPA,73.54867284818218
7189,DegreeBranch,75.45851198418346
3119,EmpScore,68.9580602320171
20730,CurrentCompanyType,75.01124349350653
9893,MartialStatus,70.51810305292996
8352,LatestDegreeCGPA,82.10415026986695
5140,DegreeBranch,83.74501468658259
8887,CurrentCompanyType,78.10476973465744
20989,DegreeBranch,74.63404561739398
21628,MartialStatus,76.46097914439777
14583,LatestDegreeCGPA,77.1788220599856
13358,LatestDegreeCGPA,77.31165600882012
20885,DegreeBranch,84.20248008164913
21947,MartialStatus,65.2763327477707
16106,MartialStatus,61.19023924972613
8162,CurrentCompanyType,78.01547913253691
23521,DegreeBranch,74.76670168979402
7791,DegreeBranch,81.43380298540096
4616,DegreeBranch,77.94634335272127
11381,DegreeBranch,83.84592165693215
18476,MartialStatus,72.68288474888797
8886,DegreeBranch,79.27964759040637
6914,DegreeBranch,75.99759593753363
19763,LatestDegreeCGPA,78.13945440142675
19918,CurrentCompanyType,84.987640634055
9140,MartialStatus,72.74896471148173
10986,LatestDegreeCGPA,81.42926115137243
6430,CurrentCompanyType,87.51146769433599
3122,DegreeBranch,82.74913543357711
22946,LatestDegreeCGPA,79.59355013575878
10633,LatestDegreeCGPA,74.73979142315842
21433,LatestDegreeCGPA,81.41668377217648
10908,NA,72.3438856798976
2331,DegreeBranch,79.95381532424761
20399,CurrentCompanyType,73.2267464832915
21980,MartialStatus,74.8653917167214
9899,LatestDegreeCGPA,85.02579985022993
11769,MartialStatus,67.23389697853516
15084,DegreeBranch,81.13838902604041
21528,DegreeBranch,84.44802111938797
22437,LatestDegreeCGPA,91.03870747171152
5536,MartialStatus,65.67393682821795
13426,DegreeBranch,77.97466974434467
12799,MartialStatus,69.6472161229474
2529,MartialStatus,72.13681767937219
12826,MartialStatus,64.94338150388037
23219,LatestDegreeCGPA,77.67510676850011
7683,CurrentCompanyType,77.44306388478806
4109,CurrentCompanyType,87.95635874810667
11222,CurrentCompanyType,80.73216839986605
22125,CurrentCompanyType,88.354913191802
11850,MartialStatus,68.42456739402753
10592,CurrentCompanyType,91.09835521496191
21615,MartialStatus,64.58290764929002
17780,DegreeBranch,81.67656224374954
21280,MartialStatus,61.246965666234445
7875,LatestDegreeCGPA,62.944925411613376
18267,MartialStatus,67.33919673919556
21436,MartialStatus,60.00113804081808
4912,DegreeBranch,76.40123816814125
8769,LatestDegreeCGPA,89.15021367611733
8209,LatestDegreeCGPA,78.36707373903717
20870,MartialStatus,75.85935944109576
3676,CurrentCompanyType,90.14089395584904
4000,DegreeBranch,74.45560054993756
21070,LatestDegreeCGPA,78.73212543481937
2577,DegreeBranch,82.13467080020818
6529,DegreeBranch,79.8112436931952
4797,CurrentCompanyType,74.67631394587612
12732,DegreeBranch,81.29177040876806
9787,DegreeBranch,73.93683194323067
15227,MartialStatus,68.1413382636882
5114,CurrentCompanyType,90.9631330283749
22345,CurrentCompanyType,74.2555870513085
20251,MartialStatus,69.12816281039383
8671,CurrentCompanyType,79.81684634946589
21841,MartialStatus,64.46771322887341
17459,CurrentCompanyType,89.9532496231594
5260,LatestDegreeCGPA,67.15849291813075
2773,NA,69.94692082118792
8121,MartialStatus,65.28590887306588
14087,CurrentCompanyType,87.06176832716923
12148,LatestDegreeCGPA,74.54233306819175
13709,MartialStatus,68.562011504814
16638,LatestDegreeCGPA,75.4276145805393
19530,LatestDegreeCGPA,79.83738140591475
17352,MartialStatus,65.18695995644893
19299,MartialStatus,69.92029251679521
3094,CurrentCompanyType,90.51863582334988
13316,CurrentCompanyType,89.89235137633963
12303,DegreeBranch,79.87792844206353
22418,MartialStatus,60.59533294338189
24161,DegreeBranch,71.25093686599772
20054,DegreeBranch,78.81436220815152
17207,MartialStatus,68.99433843344633
5244,DegreeBranch,79.82392252563488
19695,MartialStatus,66.97299947874713
23314,MartialStatus,56.63541458405517
16939,EmpScore,78.30785496663134
15200,DegreeBranch,81.17449593013781
20028,DegreeBranch,73.73648292197493
20491,MartialStatus,69.27006432848813
4347,MartialStatus,55.605111072464105
5722,MartialStatus,65.1878539963286
17978,DegreeBranch,77.45861735298539
16579,DegreeBranch,78.32432481722105
3053,DegreeBranch,85.66547403667784
11466,MartialStatus,65.21162791999573
15687,NA,67.81572251580597
9798,CurrentCompanyType,87.86129359221316
19677,CurrentCompanyType,80.90448777190598
10517,MartialStatus,71.07523585643024
10773,MartialStatus,72.3277665080361
20125,MartialStatus,59.230079154150886
9712,CurrentCompanyType,92.19244934512699
6919,LatestDegreeCGPA,80.03904520630411
6018,MartialStatus,67.7910643831107
22781,CurrentCompanyType,73.04240398536801
3660,LatestDegreeCGPA,85.37875322881135
23767,DegreeBranch,83.16532484455706
7335,CurrentCompanyType,74.06534377894215
21166,CurrentCompanyType,88.26109595022885
10573,DegreeBranch,82.02731427315494
21007,CurrentCompanyType,88.61578655562425
21135,DegreeBranch,71.33235111717917
20498,CurrentCompanyType,90.79012307112801
8544,MartialStatus,71.08093428601227
2361,MartialStatus,59.920905622537184
2481,CurrentCompanyType,78.580731351235
20304,DegreeBranch,81.01995161056234
6089,CurrentCompanyType,80.47828976647253
6240,MartialStatus,73.14266240237126
20421,DegreeBranch,75.66130980904391
15540,MartialStatus,65.00190082676073
4483,DegreeBranch,82.7151108406552
2112,MartialStatus,67.87296978240352
16954,EmpScore,75.58344882331653
3359,MartialStatus,70.53576918427298
21190,CurrentCompanyType,87.41528331514618
15883,MartialStatus,70.16056921744892
20292,DegreeBranch,74.70749201185087
4075,DegreeBranch,78.30504868566587
11336,DegreeBranch,80.51412256225845
17798,NA,67.8869906168485
16791,MartialStatus,64.3432999081211
23254,LatestDegreeCGPA,76.751667891843
20798,CurrentCompanyType,78.80667139861087
11013,MartialStatus,66.92858502744507
9350,DegreeBranch,76.30916779297738
3608,CurrentCompanyType,80.64860172952027
10640,DegreeBranch,85.06787134513974
23944,MartialStatus,71.42210039346816
7878,CurrentCompanyType,75.87157930164273
14607,MartialStatus,59.98902253101351
5011,DegreeBranch,73.82052875064863
11138,CurrentCompanyType,84.48117238239938
19013,DegreeBranch,79.13963963457087
22871,MartialStatus,67.22034633297912
10182,MartialStatus,65.94568437558652
20493,DegreeBranch,81.22133288625395
9657,MartialStatus,67.1119368905064
17390,MartialStatus,69.24651817037015
21822,MartialStatus,68.52028845165196
2887,MartialStatus,67.63731596190428
14897,DegreeBranch,81.68412267971117
6755,DegreeBranch,75.91232427684801
6098,DegreeBranch,84.75231816534159
18399,LatestDegreeCGPA,78.79747981852623
2696,MartialStatus,66.27405531882894
24326,LatestDegreeCGPA,77.22464656657971
16130,CurrentCompanyType,81.64275941415221
11709,MartialStatus,65.87300797168979
14459,LatestDegreeCGPA,81.33290384149757
18376,DegreeBranch,74.18499853917426
12129,MartialStatus,64.84916191033926
19497,DegreeBranch,79.59251922072721
22603,CurrentCompanyType,80.14416047065677
14307,DegreeBranch,73.10843922901405
3404,MartialStatus,73.73870511652204
9584,MartialStatus,70.77889005006838
14875,NA,68.6760322291604
16085,MartialStatus,68.239936757503
20840,CurrentCompanyType,90.29375174203976
8587,MartialStatus,74.17476571577016
14363,DegreeBranch,78.01007474721068
19147,LatestDegreeCGPA,77.10500182145351
10762,CurrentCompanyType,73.94043724395442
23964,DegreeBranch,74.8993155045585
10924,DegreeBranch,83.51143662583179
18048,DegreeBranch,77.56759410636131
23786,MartialStatus,67.14525953381477
7562,CurrentCompanyType,92.35970003794071
24290,CurrentCompanyType,87.19874996017356
16705,LatestDegreeCGPA,80.52069254642295
10732,MartialStatus,65.29738271822325
13991,MartialStatus,65.591450986347
3139,EmpScore,80.2415561893252
10738,LatestDegreeCGPA,85.10674372148836
19400,MartialStatus,69.19344404301822
7858,CurrentCompanyType,80.86800402869312
17937,MartialStatus,68.80092939643025
5621,DegreeBranch,85.11012401259963
20164,MartialStatus,65.92254364912355
23583,DegreeBranch,82.80412519312296
23499,MartialStatus,70.07819957658683
18515,LatestDegreeCGPA,83.30248476545249
5806,CurrentCompanyType,74.24706400736792
15683,MartialStatus,66.30298930947563
13285,MartialStatus,66.21015671434888
24344,CurrentCompanyType,77.61125157817042
15919,MartialStatus,65.52895924437657
16193,DegreeBranch,84.41428744917938
2955,NA,70.77649743024418
21797,LatestDegreeCGPA,88.79793572039753
22446,DegreeBranch,70.23628125614943
17119,MartialStatus,67.35442197807623
10559,DegreeBranch,76.84218033265329
9914,CurrentCompanyType,73.41558853442825
13403,MartialStatus,66.10130587259154
16476,CurrentCompanyType,92.06962242386068
12956,MartialStatus,58.98521698681168
19080,DegreeBranch,68.56894492754523
2502,MartialStatus,63.37438253029533
17739,CurrentCompanyType,92.65081496122458
9722,MartialStatus,72.40708103878816
17674,CurrentCompanyType,83.04764155924296
23141,MartialStatus,64.65881724653357
2323,LatestDegreeCGPA,87.50576379207018
11285,LatestDegreeCGPA,85.85395380515014
21614,MartialStatus,64.05473623047531
16876,CurrentCompanyType,85.81979300267434
15814,MartialStatus,71.48767514779684
17321,LatestDegreeCGPA,77.97875130233082
13645,DegreeBranch,76.55043193847831
6544,MartialStatus,63.5725805232382
18079,MartialStatus,58.512185350190656
11972,CurrentCompanyType,75.29196428593335
12552,EmpScore,83.6990096087747
15346,CurrentCompanyType,74.13827248072647
8668,DegreeBranch,83.60309759408298
22281,CurrentCompanyType,90.4496094201546
4820,MartialStatus,66.01149475935547
16198,MartialStatus,59.79075112048967
2149,LatestDegreeCGPA,70.42396878531106
23384,LatestDegreeCGPA,77.92420885452702
15723,LatestDegreeCGPA,74.5745966789049
22002,CurrentCompanyType,87.19320943360395
10990,MartialStatus,64.20623248405983
5130,EmpScore,75.1923750749426
16549,DegreeBranch,81.69256444952462
15248,DegreeBranch,73.78691686867131
11099,CurrentCompanyType,73.6059896993685
21145,DegreeBranch,82.34594465427772
6518,DegreeBranch,83.09218142456965
11385,LatestDegreeCGPA,68.26145213038421
23306,DegreeBranch,82.006021357763
5312,MartialStatus,65.2446143895846
12839,MartialStatus,72.49472818295227
17070,CurrentCompanyType,76.7230227787688
2815,MartialStatus,71.61083476670103
21011,CurrentCompanyType,92.35334604916129
13961,CurrentCompanyType,73.84464566932208
9711,DegreeBranch,84.25522281801878
17766,DegreeBranch,75.26365597796101
12194,CurrentCompanyType,82.78293270762663
3535,LatestDegreeCGPA,75.01218584924968
2253,MartialStatus,61.55450914744118
21691,CurrentCompanyType,86.62293249107887
19672,DegreeBranch,77.47427610549757
7482,MartialStatus,72.72644463391161
15104,MartialStatus,71.42812466610049
24228,MartialStatus,65.96029555850458
5203,DegreeBranch,77.11996029137777
17821,EmpScore,78.6288243641713
23478,MartialStatus,73.27340183734687
12952,DegreeBranch,78.35356281307729
7265,MartialStatus,73.80253899038529
9735,LatestDegreeCGPA,78.15055802856551
9945,DegreeBranch,82.6606191786464
13505,LatestDegreeCGPA,63.300976298904075
4794,LatestDegreeCGPA,76.90460915662155
18615,CurrentCompanyType,86.89748520113304
19494,DegreeBranch,74.13549445737667
8386,MartialStatus,69.68040548080275
6658,DegreeBranch,79.33747064650892
21030,CurrentCompanyType,85.05436328853389
21634,MartialStatus,67.03933350288104
21398,LatestDegreeCGPA,82.89098195814623
7103,MartialStatus,68.94377725089865
13983,DegreeBranch,84.58691455719975
14855,CurrentCompanyType,74.31131207613187
15751,MartialStatus,67.53203472882377
24355,DegreeBranch,78.54732235174085
17223,LatestDegreeCGPA,74.46839584664724
11207,LatestDegreeCGPA,72.98517274263524
11182,CurrentCompanyType,76.60705181842918
22209,MartialStatus,67.98583240106439
6931,EmpScore,72.51821875916492
3499,DegreeBranch,81.14501184366378
15686,LatestDegreeCGPA,68.63289922867304
6310,DegreeBranch,80.1111654214212
21158,DegreeBranch,78.10005210308466
18832,DegreeBranch,79.99983404946789
4263,DegreeBranch,79.43445531537665
24004,DegreeBranch,79.46638396606384
16894,MartialStatus,61.52189383798505
15904,DegreeBranch,72.72601673820539
22032,MartialStatus,67.36648125425194
22230,CurrentCompanyType,89.80859828187198
21261,CurrentCompanyType,72.49897412720739
16598,DegreeBranch,81.80354965509767
20359,MartialStatus,66.83188562724749
14354,LatestDegreeCGPA,84.18188226192356
4782,MartialStatus,64.9388871169637
23272,LatestDegreeCGPA,79.44213599723489
13990,DegreeBranch,77.83452960138051
10096,DegreeBranch,77.29635647041162
4959,CurrentCompanyType,88.03620862029376
9072,CurrentCompanyType,83.67139361710629
22354,LatestDegreeCGPA,73.7209157342264
10497,LatestDegreeCGPA,70.69135733931662
5544,LatestDegreeCGPA,75.92246657701072
19520,DegreeBranch,77.66487900403352
3917,DegreeBranch,78.95549425776852
10042,CurrentCompanyType,75.09632433914472
4605,NA,63.91230204237287
15945,DegreeBranch,81.24560646023164
7187,LatestDegreeCGPA,80.7726129108268
13200,MartialStatus,67.73897155925158
21053,MartialStatus,70.37480385804912
6007,MartialStatus,68.62184713823416
20263,LatestDegreeCGPA,85.67509818072683
17710,MartialStatus,68.43621942715511
14624,MartialStatus,64.63908337939232
19249,CurrentCompanyType,87.01193358765104
5270,DegreeBranch,68.33447710242453
5337,MartialStatus,70.36847551872012
12210,CurrentCompanyType,77.92890965554373
12440,DegreeBranch,76.16889478017217
16385,MartialStatus,67.63208845173038
10694,DegreeBranch,80.91303755943261
21580,MartialStatus,75.41826375939084
22459,MartialStatus,64.16827844331628
22276,CurrentCompanyType,89.55271111745058
11442,MartialStatus,67.00756253081158
13809,MartialStatus,67.46353478319914
23230,DegreeBranch,83.04422463557098
10062,DegreeBranch,77.64948827748685
18336,MartialStatus,54.37684505926384
18394,CurrentCompanyType,84.81538847561444
5174,CurrentCompanyType,80.56465463794606
18229,CurrentCompanyType,80.39250166956003
6033,MartialStatus,71.54468003474342
17615,LatestDegreeCGPA,73.3377649881392
22948,DegreeBranch,78.25994063101503
16499,MartialStatus,69.00756714206409
15368,MartialStatus,66.05023829491465
21333,CurrentCompanyType,77.24750618136574
11334,CurrentCompanyType,74.30970567430163
2248,MartialStatus,69.08944671404112
10127,MartialStatus,77.29220893245514
11256,DegreeBranch,77.02024565081774
16189,CurrentCompanyType,85.7240496257926
2611,CurrentCompanyType,87.98719381830225
13104,LatestDegreeCGPA,70.43450522738685
11973,LatestDegreeCGPA,77.72842312666782
13745,CurrentCompanyType,77.7414570848557
12346,DegreeBranch,84.48249856676821
21405,DegreeBranch,74.91791707564671
4271,MartialStatus,70.94949456634698
15394,NA,72.35092451482876
18169,DegreeBranch,87.18660794396996
8975,MartialStatus,69.29423055144248
18613,NA,69.77153158181653
23148,DegreeBranch,76.17739345949192
22500,EmpScore,81.14552450113223
19517,MartialStatus,64.39992707311742
16745,MartialStatus,64.46284421544317
9448,MartialStatus,71.54179970813442
6470,MartialStatus,59.01884993031235
2299,NA,70.32165832135682
20432,DegreeBranch,80.14463312158423
16685,MartialStatus,71.48573602865497
9091,MartialStatus,70.13486493343416
3970,CurrentCompanyType,83.10392522938213
22933,CurrentCompanyType,86.34764324627366
23489,MartialStatus,66.44158276810188
17514,DegreeBranch,76.87969275509946
9412,MartialStatus,66.22211826114115
14589,CurrentCompanyType,84.84150763537207
12241,LatestDegreeCGPA,69.61651160733554
12093,DegreeBranch,75.26690741155359
21136,MartialStatus,64.5974616919884
20924,MartialStatus,73.7362203202142
12628,MartialStatus,74.91278594641349
23741,NA,72.4475970969159
6523,CurrentCompanyType,74.6060894256996
2554,EmpScore,77.3269509772119
4831,MartialStatus,67.92653013414736
18621,DegreeBranch,75.93173258201959
6377,DegreeBranch,74.30170129983071
5885,LatestDegreeCGPA,79.13555178641474
19617,CurrentCompanyType,76.93357011262083
12727,MartialStatus,69.26181540764281
10734,MartialStatus,68.83904333548823
9070,LatestDegreeCGPA,76.0985702830186
19642,MartialStatus,70.71110277845123
21979,LatestDegreeCGPA,77.31596262573109
22075,DegreeBranch,80.4053738152613
23950,DegreeBranch,82.45855617849719
16969,CurrentCompanyType,92.30117824407444
13030,CurrentCompanyType,87.73305990493928
10558,MartialStatus,69.40140039521462
6618,DegreeBranch,81.66936659071438
6503,LatestDegreeCGPA,76.2837659791098
15261,CurrentCompanyType,83.92662240843549
20728,EmpScore,77.93331042961978
22404,DegreeBranch,73.76261638451399
13927,LatestDegreeCGPA,77.93996399415535
7212,CurrentCompanyType,87.81561905654203
12522,LatestDegreeCGPA,76.96970167963211
13015,MartialStatus,68.27341143834737
22422,LatestDegreeCGPA,90.03390968827063
10978,CurrentCompanyType,86.161382325161
9820,DegreeBranch,79.84744537060739
16873,CurrentCompanyType,74.67858111678468
14705,LatestDegreeCGPA,73.95832185310009
2550,DegreeBranch,83.14325407108856
10004,CurrentCompanyType,92.38782875773596
2282,DegreeBranch,81.84050101187104
12527,CurrentCompanyType,85.13770879907644
13936,DegreeBranch,86.26043122828793
10258,DegreeBranch,78.60378498954807
5992,DegreeBranch,73.85005985879178
19024,CurrentCompanyType,73.47141079528788
8261,DegreeBranch,78.28887830919686
18990,EmpScore,83.81764310833313
4582,MartialStatus,60.249965394690946
19802,LatestDegreeCGPA,81.06734809319633
14536,MartialStatus,62.70376825557239
22727,MartialStatus,55.424614754973746
3233,MartialStatus,72.84509990097635
3645,LatestDegreeCGPA,76.6926444984444
4884,DegreeBranch,82.37870930312397
11043,NA,71.53611855285622
9728,LatestDegreeCGPA,77.07589505554975
4981,DegreeBranch,75.25244716894484
3054,DegreeBranch,79.45015265584337
18488,DegreeBranch,80.5437217834504
8181,CurrentCompanyType,75.3317133128068
15578,DegreeBranch,77.51432606490351
16155,CurrentCompanyType,76.78754305823666
15610,LatestDegreeCGPA,77.26448598795497
6359,DegreeBranch,80.47855942532877
15533,CurrentCompanyType,92.17312958709448
20681,DegreeBranch,77.53567352578098
12734,CurrentCompanyType,89.1957996110461
7943,MartialStatus,62.210554410187086
8218,MartialStatus,73.45772239257816
22168,NA,69.09100950150733
19209,CurrentCompanyType,76.84094903244656
23481,DegreeBranch,69.63683026180892
2256,CurrentCompanyType,79.80893946822998
5873,CurrentCompanyType,83.0302136770185
2985,CurrentCompanyType,81.8721664150772
21787,DegreeBranch,78.51511699650398
24385,EmpScore,79.84731322271043
2640,DegreeBranch,75.2235828773986
23073,CurrentCompanyType,85.84231393112722
21363,MartialStatus,74.6317142921931
17465,DegreeBranch,78.36545331324578
11644,NA,71.63181148314898
16824,DegreeBranch,78.81135179482607
19152,CurrentCompanyType,78.45268745934476
4549,MartialStatus,60.14988343434139
18904,LatestDegreeCGPA,79.31547789595554
6811,CurrentCompanyType,72.6431448450415
11085,DegreeBranch,76.16994791490234
17153,DegreeBranch,80.63175241421615
12281,LatestDegreeCGPA,70.96518634189394
13281,MartialStatus,72.16545506010418
21818,CurrentCompanyType,87.1501319403469
12555,MartialStatus,66.75947202617641
5458,EmpScore,76.55276045943688
15211,DegreeBranch,79.47322594424548
13843,CurrentCompanyType,87.94685145534172
8758,CurrentCompanyType,76.06033559943205
21501,DegreeBranch,81.03371391965136
20391,DegreeBranch,77.33222752827709
9891,MartialStatus,65.39113560210816
9874,DegreeBranch,83.36919987733324
2387,LatestDegreeCGPA,87.5130555460625
6104,MartialStatus,75.33743319999401
17376,DegreeBranch,79.7998672172934
22219,LatestDegreeCGPA,69.4800845598534
7373,CurrentCompanyType,87.32234922897385
17519,MartialStatus,68.04144153239405
19057,NA,68.74398167549637
13900,MartialStatus,66.373605804075
3274,DegreeBranch,81.97930566472692
9788,DegreeBranch,80.00408547639448
18959,CurrentCompanyType,77.69919101887353
10876,NA,71.68677397791859
17041,LatestDegreeCGPA,72.19188460222428
3259,MartialStatus,71.65810464518016
18693,NA,65.06429053221129
13467,MartialStatus,74.9832863673312
18798,DegreeBranch,85.8470505011316
19541,DegreeBranch,74.03971596534365
10524,CurrentCompanyType,88.75345876677993
2007,DegreeBranch,75.51802573999942
6828,MartialStatus,71.84411651503157
7125,MartialStatus,71.32143192990324
3682,LatestDegreeCGPA,78.99457887061487
3816,MartialStatus,63.05606644576523
22765,MartialStatus,67.97999993669153
17988,CurrentCompanyType,86.32539788386808
20599,NA,69.90781532390575
12482,MartialStatus,70.03507135575252
9366,CurrentCompanyType,80.91236421919585
15364,DegreeBranch,84.46979568461484
20130,DegreeBranch,78.16427370309911
6390,CurrentCompanyType,83.73691894821576
21609,DegreeBranch,80.60862578455705
3189,EmpScore,68.86129304394917
6531,LatestDegreeCGPA,71.54179484796504
21668,CurrentCompanyType,86.7465336573944
2822,CurrentCompanyType,85.1013884530895
13757,LatestDegreeCGPA,76.5145440136964
7197,EmpScore,85.28255536332483
19754,CurrentCompanyType,88.06405604806362
17647,MartialStatus,75.21933724193744
4306,MartialStatus,71.19798669801504
7433,MartialStatus,72.92660788418577
12449,MartialStatus,64.41693590432642
7010,DegreeBranch,73.413026008468
8244,MartialStatus,73.47076838935462
3633,DegreeBranch,79.62267599453105
14125,CurrentCompanyType,83.81292132380756
15036,MartialStatus,63.35618976592402
23654,DegreeBranch,78.22111338876103
9184,CurrentCompanyType,84.99514047646673
9624,CurrentCompanyType,80.46312633796215
23209,NA,75.28253164688715
6732,NA,72.41387417532471
11761,CurrentCompanyType,84.18735866561988
2614,NA,61.89089048146862
9910,CurrentCompanyType,93.96070405654706
24041,MartialStatus,65.61423284810134
13838,CurrentCompanyType,76.4319715559617
24226,DegreeBranch,76.70021044090214
4524,LatestDegreeCGPA,76.31703119813562
9978,MartialStatus,74.53701140156002
23157,CurrentCompanyType,88.64551747875372
22188,CurrentCompanyType,90.45308340499363
11736,DegreeBranch,80.66923619295349
12674,MartialStatus,67.39788741849996
18841,MartialStatus,60.252387855161096
4564,MartialStatus,67.13406235365747
19238,MartialStatus,70.71031456548768
20177,DegreeBranch,83.01583895871673
18368,LatestDegreeCGPA,68.4710676339273
20546,DegreeBranch,74.11514137088184
4670,DegreeBranch,75.91711125697611
21623,MartialStatus,70.40722849637251
15729,MartialStatus,67.51360939021018
16733,DegreeBranch,79.23871736299404
5772,MartialStatus,69.39352659248632
23906,DegreeBranch,77.1190759470172
17210,CurrentCompanyType,89.64411137245676
13499,DegreeBranch,74.19821994748906
6141,MartialStatus,65.7061778711701
22787,MartialStatus,63.76318818921289
14157,MartialStatus,69.11056152688246
16955,MartialStatus,67.37644847883418
14336,MartialStatus,68.2801050263758
14202,EmpScore,77.6023469225126
7141,DegreeBranch,80.67006724748245
23837,MartialStatus,74.41140969092635
23597,LatestDegreeCGPA,77.49184993286457
11111,CurrentCompanyType,76.21429715870514
12904,CurrentCompanyType,83.66031768055981
20716,DegreeBranch,78.51966944867088
14437,MartialStatus,57.700959478551496
7766,MartialStatus,71.93802222835723
18024,DegreeBranch,74.37711393378311
6420,LatestDegreeCGPA,69.12848837869878
17282,LatestDegreeCGPA,81.90125477962684
16490,MartialStatus,62.06728354653342
12214,NA,75.1173951185999
2430,DegreeBranch,79.48594586800857
18803,CurrentCompanyType,85.37557343783156
5016,DegreeBranch,80.74393800189611
20528,LatestDegreeCGPA,82.7064485004319
9761,DegreeBranch,78.78818670941496
3840,CurrentCompanyType,82.40826233250883
18320,DegreeBranch,84.13809033693047
12665,CurrentCompanyType,85.04712272712979
24221,NA,70.86834772047486
19448,MartialStatus,69.67808975720006
15659,LatestDegreeCGPA,85.75316800049654
21079,DegreeBranch,75.6462870593199
16217,CurrentCompanyType,88.6848522960698
11113,DegreeBranch,77.62880210941833
6672,DegreeBranch,75.08371518939661
15942,DegreeBranch,80.28549375210656
16529,MartialStatus,70.1374872116925
13142,MartialStatus,64.55407115200396
22977,EmpScore,77.3965754096207
19782,CurrentCompanyType,84.2077469021732
17243,LatestDegreeCGPA,76.65667963126693
9481,LatestDegreeCGPA,88.87198600682304
16625,EmpScore,82.10383047063932
13605,DegreeBranch,79.62871612727463
5814,MartialStatus,70.31350374228136
21667,DegreeBranch,77.75204903760621
11420,MartialStatus,70.10054669024265
20154,CurrentCompanyType,83.5721412918644
17527,MartialStatus,56.60730402777911
9528,DegreeBranch,74.53677180667445
12461,LatestDegreeCGPA,83.64185058364424
20863,LatestDegreeCGPA,82.01252343061165
14759,CurrentCompanyType,77.78384408337465
8445,MartialStatus,66.35714219137323
3423,MartialStatus,69.12541739822991
19715,CurrentCompanyType,83.01743951526674
8313,CurrentCompanyType,75.4188014739533
16567,MartialStatus,71.86178476574145
14019,CurrentCompanyType,87.58797884865291
11171,MartialStatus,67.27808374426385
12407,MartialStatus,64.8206925125311
19556,DegreeBranch,73.40974779712933
19396,EmpScore,81.28950907947694
18932,MartialStatus,70.80781240421354
10073,DegreeBranch,74.07346359449551
4420,LatestDegreeCGPA,70.77283531903304
13957,DegreeBranch,79.98298893765201
16811,MartialStatus,63.781344118821686
8324,DegreeBranch,76.46298686328582
17694,DegreeBranch,73.08471439118945
19138,CurrentCompanyType,74.7677969130051
4252,MartialStatus,75.13503697644383
5850,LatestDegreeCGPA,78.89568981540098
3258,CurrentCompanyType,83.49554577655357
14714,DegreeBranch,81.97062311242836
10178,CurrentCompanyType,89.21023515616498
14930,CurrentCompanyType,84.45800337397836
5565,LatestDegreeCGPA,82.47076952559486
8097,CurrentCompanyType,76.63709116354943
2738,DegreeBranch,80.5522709613142
3756,DegreeBranch,82.91509662773475
4608,MartialStatus,70.19445992916135
4189,MartialStatus,69.55964416970082
19525,MartialStatus,66.70437293353132
18121,MartialStatus,68.9721128042431
10891,MartialStatus,65.79183806829685
11905,DegreeBranch,77.32653737427368
15173,DegreeBranch,68.0853582906211
14358,MartialStatus,65.2867713703281
22471,MartialStatus,68.24377143467467
9030,MartialStatus,68.30873584912909
12812,CurrentCompanyType,86.24516913637106
10535,EmpScore,78.95784836063034
20871,MartialStatus,56.71656546602007
10946,DegreeBranch,79.42863906721914
12705,MartialStatus,72.97000218990158
9852,DegreeBranch,75.09043009784574
2702,MartialStatus,68.37035238146703
3959,LatestDegreeCGPA,85.60747450589939
4134,MartialStatus,68.81524146241406
20219,MartialStatus,71.94993267736821
14900,MartialStatus,69.16228695196394
11883,CurrentCompanyType,79.7126671847236
14753,MartialStatus,69.29509607701966
19309,MartialStatus,65.54520735699673
15443,CurrentCompanyType,89.98482970071738
23775,LatestDegreeCGPA,81.070415716578
18826,MartialStatus,55.10860597856197
16186,MartialStatus,56.63608101712373
6826,CurrentCompanyType,86.75995278062149
16332,MartialStatus,67.23237615253139
19143,EmpScore,83.12774017079552
15216,DegreeBranch,78.31513116241635
3324,LatestDegreeCGPA,88.46202553025788
3333,LatestDegreeCGPA,75.72534963854625
5090,DegreeBranch,80.91100668352775
10159,DegreeBranch,82.72985774574127
24263,MartialStatus,60.606288133872795
9101,MartialStatus,64.07287684713098
12154,LatestDegreeCGPA,71.41064437661456
7338,MartialStatus,64.9382864596665
4538,CurrentCompanyType,90.53052475316709
16886,MartialStatus,72.98042583216565
4077,MartialStatus,72.77181448636063
3032,LatestDegreeCGPA,78.3849605223762
4692,MartialStatus,68.09494227483452
10607,DegreeBranch,75.04564108097154
10406,DegreeBranch,76.98854969595588
22531,CurrentCompanyType,88.58486584051977
12576,MartialStatus,65.81087992734273
16999,MartialStatus,65.39934815468284
7913,MartialStatus,69.61191349499818
2024,DegreeBranch,74.35532502348599
9083,MartialStatus,67.4728132752435
10121,CurrentCompanyType,88.7983533368027
19330,MartialStatus,70.88722058586347
15745,CurrentCompanyType,78.17074887861888
8755,MartialStatus,73.2306061465365
6160,MartialStatus,78.35671727147533
15281,LatestDegreeCGPA,89.13276967377334
8179,LatestDegreeCGPA,78.4602537570551
15098,CurrentCompanyType,74.77213296181768
18236,EmpScore,68.43607508110422
10947,LatestDegreeCGPA,78.36925934357183
21015,CurrentCompanyType,78.68532371062838
6332,MartialStatus,67.4380420656268
5104,DegreeBranch,84.7270182761498
22299,CurrentCompanyType,77.69513194367441
10407,DegreeBranch,81.25104219346112
3743,MartialStatus,67.2863118936655
7687,CurrentCompanyType,88.00572732843227
17700,LatestDegreeCGPA,86.43740991311222
2097,MartialStatus,65.34832260557612
4372,MartialStatus,67.67861747258186
9352,LatestDegreeCGPA,79.5956231833383
4508,LatestDegreeCGPA,79.71289724697229
9823,MartialStatus,55.93201000836083
22495,MartialStatus,64.40488170862753
21864,EmpScore,80.62331033824452
8439,LatestDegreeCGPA,78.04971294852885
5702,CurrentCompanyType,75.6333059335837
8713,DegreeBranch,79.4437292794052
12454,LatestDegreeCGPA,73.87509538427405
9382,MartialStatus,76.28061342066138
22186,LatestDegreeCGPA,76.09731527177533
5442,MartialStatus,68.95117488819999
9633,DegreeBranch,80.90407383881741
13994,DegreeBranch,75.02170261153121
10741,LatestDegreeCGPA,77.69179432673637
20953,CurrentCompanyType,80.27529457689732
20867,MartialStatus,62.77656925434754
3601,MartialStatus,67.88874736895006
5600,MartialStatus,71.271905511703
5351,DegreeBranch,81.4883409710628
4391,LatestDegreeCGPA,71.10572702754264
9531,MartialStatus,65.90823009467691
23958,NA,66.45841035542043
12770,DegreeBranch,70.0186411009731
23819,MartialStatus,59.806749266176446
5086,DegreeBranch,77.3534662394872
7508,NA,68.58689279518049
15818,MartialStatus,72.70511417816725
21059,CurrentCompanyType,80.12379408933026
9498,DegreeBranch,80.36163444830089
22893,DegreeBranch,81.46658345410687
20825,CurrentCompanyType,87.42242651708659
3877,CurrentCompanyType,93.44448372004445
14181,MartialStatus,67.94763526083818
4591,MartialStatus,67.70795138785196
3338,NA,67.39926541185407
7057,LatestDegreeCGPA,82.9302877650506
2447,MartialStatus,64.42630625569633
14290,LatestDegreeCGPA,72.51987503272768
17412,LatestDegreeCGPA,75.88563471386996
13459,LatestDegreeCGPA,85.68339484495445
22508,CurrentCompanyType,78.06300129945434
9241,MartialStatus,68.49369259679034
2327,CurrentCompanyType,73.75043757267042
9105,MartialStatus,70.60506742373443
13486,DegreeBranch,79.02374230918679
21836,MartialStatus,77.45127560762843
13222,LatestDegreeCGPA,74.94723232086258
7147,LatestDegreeCGPA,71.62309125329965
20970,LatestDegreeCGPA,85.018604676197
8682,DegreeBranch,76.67877159383966
11786,MartialStatus,61.16205422526228
10326,CurrentCompanyType,85.52600498319367
8254,CurrentCompanyType,84.95587119848445
19882,LatestDegreeCGPA,74.20017402430861
10941,DegreeBranch,81.64419324049285
17050,MartialStatus,67.99420301425883
21964,LatestDegreeCGPA,74.7638519886982
23720,CurrentCompanyType,77.95678185002603
17278,MartialStatus,65.729502675166
11409,LatestDegreeCGPA,69.36111625547476
3503,CurrentCompanyType,75.96166828509203
24105,EmpScore,78.13492128487658
20276,DegreeBranch,72.78490393587822
14008,DegreeBranch,76.09962758403542
16560,DegreeBranch,74.4631874061475
9942,DegreeBranch,81.2237394409095
6239,MartialStatus,64.58168002704848
19777,EmpScore,74.63758512144315
4894,LatestDegreeCGPA,68.6741959525829
18585,CurrentCompanyType,72.31263345239925
3805,DegreeBranch,78.82159529633286
8689,DegreeBranch,74.78742474976204
18241,MartialStatus,65.59008013842157
4678,DegreeBranch,75.9529292499282
22473,CurrentCompanyType,85.42804374877318
18161,DegreeBranch,74.8281051172647
5734,DegreeBranch,77.65052306765519
6944,CurrentCompanyType,72.85234240380343
22199,MartialStatus,68.11453344862966
9043,DegreeBranch,78.16517090035697
4105,LatestDegreeCGPA,76.09274003645655
10490,MartialStatus,67.79241744306265
11536,MartialStatus,72.99670486302347
12164,EmpScore,75.56169506054889
13981,LatestDegreeCGPA,82.19389612136729
14408,CurrentCompanyType,85.01955184440581
24167,DegreeBranch,76.5719578187747
16416,CurrentCompanyType,86.26321551558678
6437,EmpScore,82.23438942016102
18144,DegreeBranch,77.55728272984014
19162,MartialStatus,69.38032125823653
9651,CurrentCompanyType,85.85341917550464
12392,MartialStatus,68.10217208031753
4338,DegreeBranch,80.48715328049215
3698,NA,72.7158025689766
3436,MartialStatus,66.55339109527111
6992,DegreeBranch,82.23703103513574
19655,DegreeBranch,86.20966458806154
13520,MartialStatus,64.8415223375489
18015,MartialStatus,64.15736895948626
11119,DegreeBranch,80.51436236223198
17233,MartialStatus,68.45934339752054
20699,CurrentCompanyType,77.9865112034422
19101,DegreeBranch,79.00425354439923
22823,DegreeBranch,79.45439427136566
23715,DegreeBranch,76.7510767447811
10109,DegreeBranch,80.23621579246718
2457,CurrentCompanyType,75.36837021233984
10970,CurrentCompanyType,77.65004629974621
19978,LatestDegreeCGPA,80.98844177161354
4652,EmpScore,76.98481861185434
6012,CurrentCompanyType,77.01587421652786
13429,DegreeBranch,77.98421519780408
19416,EmpScore,77.89279188050743
18870,LatestDegreeCGPA,82.09205071730761
18369,MartialStatus,69.56314546023346
19511,CurrentCompanyType,90.13619276516575
2752,LatestDegreeCGPA,79.68874246512837
22138,CurrentCompanyType,91.2698934739575
21446,LatestDegreeCGPA,74.69249709942244
23440,DegreeBranch,82.04369370161872
13378,LatestDegreeCGPA,75.75766768323973
14979,MartialStatus,60.810546679816625
11356,CurrentCompanyType,76.02503609228926
20230,MartialStatus,70.75777427995901
11091,MartialStatus,71.97587900525883
22162,DegreeBranch,77.51511959747684
11901,CurrentCompanyType,80.5452817102602
2523,DegreeBranch,74.1503678985627
21177,EmpScore,78.26981492144432
11749,CurrentCompanyType,77.40448794896918
9390,LatestDegreeCGPA,85.46652505180892
21383,DegreeBranch,77.94776685483063
9332,DegreeBranch,83.49903336870261
22653,DegreeBranch,71.8396535094064
13738,DegreeBranch,85.63901250761651
20159,MartialStatus,78.47359568881743
10296,DegreeBranch,78.10491887842241
13801,DegreeBranch,82.20533608310276
21297,CurrentCompanyType,93.55744683552346
4237,MartialStatus,57.402810904634435
8903,DegreeBranch,78.17563845763475
6088,LatestDegreeCGPA,78.2774178913183
17084,MartialStatus,65.36713345186884
7604,MartialStatus,72.67295685967778
13477,MartialStatus,64.06860309896723
21949,CurrentCompanyType,77.43900106515844
5204,LatestDegreeCGPA,78.98157488471914
18141,CurrentCompanyType,89.82316624269333
2408,MartialStatus,70.97345823143907
5019,CurrentCompanyType,76.22980914636852
15615,MartialStatus,67.1752210914801
6504,LatestDegreeCGPA,84.89108743025491
3392,CurrentCompanyType,83.18681206726703
13949,LatestDegreeCGPA,85.28769240691358
16001,DegreeBranch,77.57744797088364
19820,DegreeBranch,76.65037507934956
24336,MartialStatus,64.15404350715762
19208,LatestDegreeCGPA,75.83766843448767
15920,MartialStatus,65.86341414852697
3943,CurrentCompanyType,88.84418550524384
12170,LatestDegreeCGPA,76.30439051606587
5916,MartialStatus,68.91859393207704
4145,DegreeBranch,76.26973391748393
20358,DegreeBranch,76.33546917695726
3764,CurrentCompanyType,83.34471552044941
17200,CurrentCompanyType,79.13288547595631
9328,CurrentCompanyType,89.97518920714697
18078,MartialStatus,74.24654581936956
5692,MartialStatus,67.76603613348418
14758,CurrentCompanyType,94.29713951759473
23544,EmpScore,80.13037163686894
16175,DegreeBranch,77.28093018054543
18458,MartialStatus,64.75106937618114
10036,DegreeBranch,73.5487642430637
